    0.0042013374
    0.0069184263
   -0.0041063561
   -0.0119431023
    0.0199856347
   -0.0010312113
    0.0159859630
    0.0245927432
    0.0266160603
    0.0014068866
    0.0137561973
    0.0208625189
    0.0198272145
    0.0193987526
    0.0014013687
    0.0138120818
    0.0119652111
    0.0100636562
    0.0121236939
    0.0072341987
    0.0039460447
    0.0116758903
    0.0071153106
   -0.0030472780
   -0.0160097794
    0.0041488113
   -0.0150490638
    0.0104807312
    0.0106707647
    0.0082613387
    0.0076553254
    0.0195573682
    0.0102325612
    0.0123211345
    0.0181554985
    0.0141368919
    0.0098608926
    0.0241377677
    0.0187579160
    0.0145285562
    0.0095459045
    0.0180526795
    0.0186186364
    0.0131479008
    0.0075177790
    0.0082083588
    0.0060299931
    0.0079735597
    0.0093999027
    0.0101971613
    0.0073851756
    0.0074727123
    0.0087137654
    0.0101015478
    0.0104468965
    0.0110692421
    0.0099973713
    0.0199687296
    0.0185998479
    0.0166864822
    0.0150598680
    0.0149149675
    0.0155483443
    0.0135977712
    0.0102917582
    0.0143811252
    0.0108889475
    0.0116854178
    0.0098410843
   -0.0202704392
   -0.0344385964
   -0.0410910087
   -0.0301546650
   -0.0353808219
   -0.0488157156
   -0.0493459737
   -0.0440327155
   -0.0321015591
   -0.0202654248
   -0.0410811751
   -0.0493420233
   -0.0516134924
   -0.0505205675
   -0.0438855690
   -0.0259213670
   -0.0306702364
   -0.0440098283
   -0.0505262234
   -0.0515315787
   -0.0411916808
   -0.0321036974
   -0.0438993196
   -0.0401759185
   -0.0259335251
    0.0076940525
    0.0080090624
    0.0082032985
    0.0106707475
    0.0111446958
    0.0111633572
    0.0123122266
    0.0155742905
    0.0146077986
    0.0173789447
    0.0162030284
    0.0167779478
    0.0209240734
    0.0216342089
    0.0298889134
    0.0088075861
    0.0077145087
    0.0081034552
    0.0102817909
    0.0099303212
    0.0060014072
    0.0073713719
    0.0103970810
    0.0099148055
    0.0082754167
    0.0072570783
    0.0107792295
    0.0100149725
    0.0108727592
    0.0134468199
    0.0151358249
    0.0105553637
    0.0086165811
    0.0135741722
    0.0170989405
    0.0178994781
    0.0153814498
    0.0095644775
    0.0121018925
    0.0171753581
    0.0051283986
   -0.0031928125
    0.0123408211
   -0.0049513515
    0.0129925274
   -0.0021018927
    0.0049896048
    0.0157181887
   -0.0026326089
    0.0087772878
    0.0153805077
    0.0210693725
    0.0210633796
   -0.0115362246
    0.0034087506
    0.0116240281
    0.0168664246
    0.0153758277
    0.0147570965
   -0.0026335476
    0.0037857872
    0.0114566414
    0.0087730138
    0.0080503663
    0.0104785131
    0.0070186763
    0.0030635988
    0.0054970068
    0.0106656608
    0.0069730908
    0.0012422161
   -0.0070028403
   -0.0087938448
    0.0080478045
    0.0030578748
   -0.0070133733
    0.0053869827
   -0.0085216004
    0.0068281701
    0.0126141656
    0.0069015902
    0.0075413000
    0.0069568983
    0.0075519642
    0.0145330350
    0.0090214499
    0.0112339051
    0.0116085435
    0.0091671060
    0.0197645074
    0.0149549294
    0.0122348395
    0.0092754546
    0.0187894477
    0.0153589181
    0.0120317555
    0.0090448352
    0.0153934696
    0.0147133435
    0.0111617874
    0.0064405399
    0.0052570253
    0.0068809112
    0.0071270949
    0.0067268826
    0.0039895632
   -0.0018185060
    0.0077073196
    0.0080100236
    0.0062697973
    0.0028354686
    0.0078532266
    0.0079230421
    0.0080478182
    0.0069462277
    0.0097411413
    0.0080876700
    0.0169222327
    0.0147401693
    0.0133943247
    0.0139701193
    0.0137254154
    0.0124964937
    0.0105042882
    0.0112453562
    0.0115575053
    0.0108769076
    0.0090863562
    0.0072573190
    0.0089103257
    0.0079247870
   -0.0137285275
   -0.0234024445
   -0.0300239071
   -0.0219944325
   -0.0241526127
   -0.0366730488
   -0.0381934529
   -0.0338431140
   -0.0235669827
   -0.0280621739
   -0.0380325054
   -0.0413449308
   -0.0409629996
   -0.0374980241
   -0.0292349296
   -0.0127968879
   -0.0072764052
   -0.0265815128
   -0.0363935100
   -0.0409403182
   -0.0423317490
   -0.0402902000
   -0.0323840419
   -0.0151892600
   -0.0230094244
   -0.0343189540
   -0.0397409090
   -0.0397876879
   -0.0309244276
   -0.0244458882
   -0.0331236658
   -0.0293638853
   -0.0193818302
    0.0068759612
    0.0076436023
    0.0070464032
    0.0072874008
    0.0079239572
    0.0123041792
    0.0115212587
    0.0091672503
    0.0087300482
    0.0093228666
    0.0116085333
    0.0112369582
    0.0111514545
    0.0120239936
    0.0122305826
    0.0149553824
    0.0164600049
    0.0152673367
    0.0152933005
    0.0197580591
    0.0195278294
    0.0071241982
    0.0068811164
    0.0064438260
    0.0067242962
    0.0079411428
    0.0076442650
    0.0052839798
    0.0039881980
    0.0062624910
    0.0080714604
    0.0079076070
   -0.0018183033
    0.0028389128
    0.0069464808
    0.0080866229
    0.0078501414
    0.0106363555
    0.0090930726
    0.0108829634
    0.0121132305
    0.0101971932
    0.0072615231
    0.0081343234
    0.0115611010
    0.0137745388
    0.0144151199
    0.0128891625
    0.0088720350
    0.0112453325
    0.0139702305
    0.0169312581
   -0.0025255645
    0.0095384488
    0.0029368422
    0.0090299360
   -0.0023110580
    0.0029339598
    0.0142577144
   -0.0001886173
    0.0083767004
    0.0139343482
    0.0186892261
   -0.0067426030
    0.0040978194
    0.0104635950
    0.0148577572
    0.0130762036
    0.0122562966
    0.0018488225
    0.0092484712
    0.0066660587
    0.0067841333
    0.0092573353
    0.0054561158
    0.0015970551
    0.0102529055
    0.0065479788
    0.0020317955
   -0.0047549796
   -0.0111805243
    0.0035414795
   -0.0037750024
   -0.0177967011
   -0.0033375842
    0.0070271745
    0.0059910464
    0.0096565499
    0.0064081993
    0.0076490288
    0.0067846849
    0.0063962866
    0.0071707447
    0.0065192654
    0.0070165508
    0.0113831875
    0.0081304958
    0.0105540872
    0.0171780776
    0.0131583437
    0.0107431710
    0.0085749340
    0.0160134005
    0.0131785493
    0.0104577381
    0.0081021422
    0.0135148414
    0.0127942942
    0.0097778193
    0.0046550996
    0.0061807492
    0.0055804011
    0.0034166527
   -0.0020253099
    0.0065564506
    0.0064775417
    0.0051287581
    0.0016884764
    0.0067629140
    0.0062424949
    0.0048063541
    0.0080929937
    0.0068310120
    0.0128856906
    0.0118086001
    0.0124672196
    0.0119313318
    0.0109785832
    0.0095331327
    0.0087300288
    0.0102274089
    0.0101280445
    0.0095580672
    0.0083283071
    0.0069096501
    0.0081304703
    0.0073834282
   -0.0092891850
   -0.0235666158
   -0.0169093965
   -0.0263057686
   -0.0309721193
   -0.0301162918
   -0.0251129335
   -0.0148317840
   -0.0173448642
   -0.0281600052
   -0.0330639009
   -0.0343062597
   -0.0329693684
   -0.0287462086
   -0.0202052887
   -0.0169835677
   -0.0272176216
   -0.0325268130
   -0.0347612771
   -0.0344934347
   -0.0309565876
   -0.0224421376
   -0.0139646111
   -0.0252204962
   -0.0311164592
   -0.0330664831
   -0.0302611176
   -0.0203820856
   -0.0193369520
   -0.0265902577
   -0.0230114316
   -0.0148411044
    0.0064107542
    0.0068175799
    0.0063860598
    0.0073728876
    0.0064621195
    0.0068324833
    0.0069188945
    0.0071345937
    0.0076696961
    0.0096565293
    0.0081217980
    0.0123081830
    0.0079982096
    0.0084446355
    0.0105540739
    0.0097527359
    0.0099173424
    0.0105349392
    0.0107368987
    0.0134227681
    0.0138194643
    0.0132955256
    0.0133756037
    0.0174595608
    0.0060999791
    0.0056240187
    0.0051021680
    0.0062470969
    0.0065376152
    0.0018927855
    0.0024605088
    0.0049970629
    0.0065298432
    0.0067179319
   -0.0042414730
    0.0019867887
    0.0057164179
    0.0070034730
    0.0079605183
    0.0093998609
    0.0103821847
    0.0088609496
    0.0073203824
    0.0101079754
    0.0117815331
    0.0125591655
    0.0118049952
    0.0101028494
    0.0082243118
    0.0102273885
    0.0122749879
    0.0148978623
    0.0014441871
   -0.0061865943
    0.0044278997
   -0.0073326164
    0.0065274200
   -0.0022438042
   -0.0097449227
   -0.0038915102
    0.0017478895
    0.0087963438
    0.0013023203
    0.0075352008
    0.0119309752
    0.0157594693
    0.0151681304
   -0.0057246817
    0.0028871782
    0.0083615755
    0.0121534095
    0.0105516492
    0.0095855957
    0.0012122200
    0.0073265378
    0.0051658530
    0.0080185824
    0.0045920244
    0.0015916939
    0.0090520234
    0.0056454819
    0.0017633646
   -0.0032762195
   -0.0071405097
    0.0043793971
   -0.0002985824
   -0.0077560942
   -0.0026213204
    0.0060869378
    0.0096906502
    0.0054318061
    0.0108362642
    0.0079764379
    0.0066844694
    0.0058841609
    0.0072130237
    0.0062512795
    0.0058923454
    0.0067594162
    0.0060510407
    0.0064624987
    0.0090960607
    0.0072259893
    0.0098893302
    0.0119261713
    0.0096937993
    0.0082414152
    0.0179998469
    0.0141779751
    0.0116036560
    0.0095704149
    0.0079181102
    0.0135135872
    0.0114282990
    0.0091909959
    0.0074998776
    0.0111585043
    0.0109039022
    0.0086616090
    0.0049156360
    0.0031861338
   -0.0008987409
    0.0056742491
    0.0050372650
    0.0033968847
   -0.0003500546
    0.0058642268
    0.0053941997
    0.0039200380
    0.0008933662
    0.0059197213
    0.0050273133
    0.0037449212
    0.0063773741
    0.0058746401
    0.0117768485
    0.0109832773
    0.0120031378
    0.0110124760
    0.0100598788
    0.0089697774
    0.0085556232
    0.0101648017
    0.0097983237
    0.0092399188
    0.0083098611
    0.0071755469
    0.0088817576
    0.0084372091
    0.0079143164
    0.0070769775
   -0.0176709757
   -0.0124778372
   -0.0167225051
   -0.0230518469
   -0.0244656105
   -0.0224591841
   -0.0172070763
   -0.0078332854
   -0.0197402584
   -0.0255531209
   -0.0278263205
   -0.0276662868
   -0.0254144057
   -0.0206862380
   -0.0125819922
   -0.0148584774
   -0.0225033436
   -0.0268675207
   -0.0289384945
   -0.0292953353
   -0.0280089636
   -0.0246716511
   -0.0185513449
   -0.0096177892
   -0.0193390480
   -0.0250333248
   -0.0280622781
   -0.0290208744
   -0.0277782320
   -0.0235916610
   -0.0154577136
   -0.0078409821
   -0.0175727926
   -0.0234256655
   -0.0262091315
   -0.0259694071
   -0.0218979995
   -0.0130175292
   -0.0152201483
   -0.0208188266
   -0.0177708045
   -0.0116533432
    0.0059149614
    0.0061166022
    0.0058948139
    0.0060368633
    0.0059182187
    0.0063872832
    0.0061374341
    0.0063719280
    0.0070696852
    0.0088612403
    0.0066984177
    0.0081710032
    0.0105926174
    0.0075235616
    0.0090102394
    0.0080095287
    0.0085344319
    0.0088129716
    0.0106598893
    0.0109798585
    0.0098718989
    0.0099957034
    0.0103689617
    0.0105710699
    0.0132119190
    0.0136503665
    0.0126930520
    0.0127366392
    0.0165384797
    0.0053651613
    0.0050239954
    0.0042441771
    0.0051070778
    0.0057090340
    0.0017558774
    0.0020347001
    0.0039538247
    0.0053876163
    0.0058997044
   -0.0048474919
   -0.0014018084
    0.0025720852
    0.0049848628
    0.0060365972
    0.0015618904
    0.0055411545
    0.0071119394
    0.0081707884
    0.0088189466
    0.0076949593
    0.0067532570
    0.0088910305
    0.0100603000
    0.0105101251
    0.0098283363
    0.0083195142
    0.0075219353
    0.0092768472
    0.0106706654
    0.0120752736
    0.0128499081
    0.0120618096
    0.0097398948
    0.0113234769
