    0.0163549083
   -0.0003440177
   -0.0157156731
   -0.0143443074
    0.0019566350
    0.0180736928
    0.0003388798
   -0.0055710839
   -0.0054145088
    0.0188735988
    0.0245117542
    0.0236644163
    0.0155811121
    0.0113272467
    0.0167841363
    0.0185079645
    0.0066967998
   -0.0018096380
    0.0011396021
    0.0123580821
    0.0234156571
    0.0200033077
   -0.0011635099
    0.0140425072
    0.0151362727
    0.0123481556
    0.0086501626
   -0.0065311454
    0.0032193433
    0.0106247064
    0.0106751616
    0.0101972366
    0.0023624482
   -0.0078387008
    0.0041891214
    0.0061142221
    0.0091764142
    0.0133268711
    0.0224216838
    0.0086884915
    0.0083055740
    0.0076618276
    0.0186887855
    0.0147124044
    0.0176875862
    0.0237017377
    0.0201872680
    0.0149632385
    0.0102954792
    0.0115937810
    0.0160700224
    0.0156337411
    0.0104105975
    0.0099249324
    0.0090902887
    0.0102189403
    0.0104973793
    0.0091249978
    0.0076579383
    0.0076969432
    0.0107068623
    0.0097140602
    0.0075364347
    0.0053099140
    0.0090555440
    0.0078796491
    0.0100505805
    0.0120907171
    0.0126382918
    0.0152436350
    0.0173926142
    0.0088899295
    0.0141513786
    0.0172236529
    0.0206119219
    0.0093053223
    0.0133112126
    0.0166298406
    0.0081779411
    0.0122410002
   -0.0184108448
   -0.0187472367
   -0.0238405227
   -0.0410730959
   -0.0458368415
   -0.0371745383
   -0.0160798995
   -0.0192887340
   -0.0368347492
   -0.0479634623
   -0.0522619564
   -0.0483012127
   -0.0374199323
   -0.0202344203
   -0.0265231386
   -0.0405272986
   -0.0491421229
   -0.0517113760
   -0.0470975540
   -0.0370292141
   -0.0208120829
   -0.0300973317
   -0.0298300027
   -0.0423960149
   -0.0499496376
   -0.0500371030
   -0.0426198421
   -0.0467011977
    0.0128681028
    0.0089729509
    0.0082714057
    0.0088784140
    0.0081798283
    0.0186887953
    0.0169356001
    0.0145792776
    0.0153214823
    0.0213804097
    0.0231168084
    0.0132709408
    0.0107836475
    0.0100801108
    0.0099189604
    0.0118162421
    0.0222231942
    0.0093657402
    0.0081083628
    0.0100354191
    0.0103560168
    0.0121602352
    0.0082373086
    0.0106198618
    0.0097842624
    0.0056588091
    0.0077885876
    0.0088380783
    0.0050324327
    0.0078797080
    0.0117632721
    0.0097429483
    0.0160682538
    0.0142794429
    0.0108084465
    0.0184630802
    0.0160412271
    0.0119823811
    0.0078727242
    0.0163351322
    0.0124784106
    0.0122410217
    0.0086534057
   -0.0078313927
    0.0029969688
    0.0007471702
   -0.0081206741
    0.0154402436
    0.0200800237
    0.0201461584
    0.0151495592
    0.0103412140
    0.0102776881
    0.0150278812
    0.0170291032
    0.0095406393
    0.0026763836
    0.0003549528
    0.0044418551
    0.0118270147
    0.0150075921
    0.0107320408
    0.0117641974
    0.0099212070
    0.0066266067
   -0.0012630232
   -0.0140044873
    0.0021067753
    0.0077209997
    0.0077556906
    0.0077996244
    0.0035454916
   -0.0051289465
   -0.0052972568
    0.0033998123
    0.0033681544
    0.0124096967
    0.0180425403
    0.0069763390
    0.0070772628
    0.0158295174
    0.0130032749
    0.0149393692
    0.0189007880
    0.0196927694
    0.0153190739
    0.0129168991
    0.0101323795
    0.0113094132
    0.0140619538
    0.0122307795
    0.0099316589
    0.0096713591
    0.0080966844
    0.0079928942
    0.0073578609
    0.0052932331
    0.0076622498
    0.0082183297
    0.0073855373
   -0.0012396848
    0.0049266419
    0.0075570462
    0.0074048612
    0.0065077457
    0.0037218675
    0.0063950129
    0.0060173505
    0.0100836202
    0.0119365603
    0.0133370095
    0.0113462858
    0.0134518806
    0.0154172005
    0.0086530829
    0.0115972250
    0.0140165858
    0.0165280467
    0.0084242710
    0.0108427554
    0.0133148963
    0.0077672972
    0.0105454405
   -0.0140121396
   -0.0278139237
   -0.0314813794
   -0.0247541435
   -0.0206933867
   -0.0325268011
   -0.0390678109
   -0.0397241704
   -0.0343668499
   -0.0236838377
   -0.0132254463
   -0.0271975825
   -0.0362489123
   -0.0413947733
   -0.0419162957
   -0.0376868497
   -0.0294512429
   -0.0167715548
   -0.0230907592
   -0.0337498706
   -0.0401362387
   -0.0419346478
   -0.0386681893
   -0.0310531133
   -0.0190045374
   -0.0238567865
   -0.0236674818
   -0.0334488709
   -0.0397881455
   -0.0398600544
   -0.0336355329
   -0.0358376632
    0.0120348434
    0.0075790019
    0.0068966026
    0.0158295273
    0.0150063929
    0.0130234590
    0.0128987958
    0.0152324139
    0.0196344448
    0.0189765941
    0.0129539971
    0.0108537086
    0.0099367890
    0.0096459593
    0.0102946168
    0.0137542271
    0.0075878424
    0.0080422800
    0.0084057278
    0.0073403740
    0.0082038802
    0.0077243907
    0.0054184552
    0.0067774147
    0.0076421778
    0.0071289116
    0.0034272935
   -0.0030826981
    0.0065171669
    0.0064133573
    0.0038075748
    0.0060174113
    0.0128973890
    0.0114665120
    0.0094070260
    0.0155376478
    0.0135271599
    0.0114509021
    0.0087669068
    0.0155844663
    0.0133811390
    0.0106960729
    0.0075751615
    0.0133536253
    0.0109096465
    0.0078108590
    0.0105454586
    0.0076916280
   -0.0032704018
   -0.0080718840
    0.0039022422
   -0.0006690182
    0.0130746474
    0.0176692238
    0.0177333170
    0.0128415821
    0.0081733568
    0.0081117248
    0.0127230784
    0.0100469643
    0.0034774671
   -0.0010405006
   -0.0006924852
    0.0042711454
    0.0108849379
    0.0095966988
    0.0106808606
    0.0092856567
    0.0014633589
   -0.0120875672
   -0.0096923001
    0.0024401386
    0.0062197351
    0.0062638705
    0.0020069651
   -0.0066697870
   -0.0068383223
    0.0018613932
    0.0016948152
    0.0081295745
    0.0066581476
    0.0068037019
    0.0067686851
    0.0066405956
    0.0061745652
    0.0076959078
    0.0055686388
    0.0138379356
    0.0113835689
    0.0132868887
    0.0170479318
    0.0176116523
    0.0133645796
    0.0111990292
    0.0091841475
    0.0102866981
    0.0123354330
    0.0142554418
    0.0098760238
    0.0086702059
    0.0086376924
    0.0074499851
    0.0065642021
    0.0068050391
    0.0038179410
    0.0060623960
    0.0066909197
    0.0064659749
   -0.0020624944
    0.0037332364
    0.0059174381
    0.0062029373
    0.0058837761
    0.0014693384
    0.0048837550
    0.0047590828
    0.0090789093
    0.0106055982
    0.0120313862
    0.0098266673
    0.0115455788
    0.0133614992
    0.0078740176
    0.0099458167
    0.0119179178
    0.0141542547
    0.0076812079
    0.0093830159
    0.0116690453
    0.0093477837
   -0.0176122638
   -0.0241202770
   -0.0236703104
   -0.0162914916
   -0.0111692398
   -0.0224316857
   -0.0294192410
   -0.0323861492
   -0.0310498283
   -0.0255662534
   -0.0160784877
   -0.0179818712
   -0.0267880605
   -0.0323759360
   -0.0347777881
   -0.0336938244
   -0.0292827874
   -0.0217907888
   -0.0103216720
   -0.0141876155
   -0.0242905256
   -0.0310075929
   -0.0344156056
   -0.0341761111
   -0.0303303148
   -0.0231898717
   -0.0126827861
   -0.0263378147
   -0.0323539326
   -0.0324216945
   -0.0265148697
   -0.0281950874
    0.0071688770
    0.0065801500
    0.0097562839
    0.0064518508
    0.0077675471
    0.0055931921
    0.0138379456
    0.0133512050
    0.0114047789
    0.0111841668
    0.0132838473
    0.0175521655
    0.0171174035
    0.0119786196
    0.0101081523
    0.0090857870
    0.0086049487
    0.0087356422
    0.0101941392
    0.0066813038
    0.0067994500
    0.0065294799
    0.0080204760
    0.0064256050
    0.0066802765
    0.0063112172
    0.0044567562
    0.0006887988
    0.0062159384
    0.0057760586
    0.0032373202
   -0.0031789793
    0.0049184541
    0.0015744821
    0.0047591435
    0.0118352604
    0.0104256248
    0.0088667028
    0.0139453648
    0.0118848779
    0.0102196322
    0.0082836393
    0.0137795734
    0.0116814809
    0.0096647287
    0.0074133879
    0.0117102596
    0.0094391243
    0.0093477989
    0.0025457636
   -0.0053276302
   -0.0093471780
   -0.0017873222
    0.0057589271
   -0.0052738156
   -0.0041326781
    0.0112982308
    0.0150291151
    0.0150804788
    0.0111576133
    0.0073781317
    0.0073289485
    0.0110609779
    0.0089050655
    0.0039461187
    0.0007085132
    0.0009533022
    0.0045280102
    0.0095687344
    0.0076452526
    0.0084996188
    0.0074028336
    0.0048119745
   -0.0000171475
   -0.0105041134
   -0.0087984305
    0.0008528660
    0.0052089316
    0.0046097136
    0.0046491839
    0.0008933400
   -0.0059775553
   -0.0061018030
    0.0007691720
    0.0006094487
    0.0076723455
    0.0089082729
    0.0100966499
    0.0069997627
    0.0065900492
    0.0064622223
    0.0067900198
    0.0059347243
    0.0064113406
    0.0064673560
    0.0062183748
    0.0055434793
    0.0067263045
    0.0045745944
    0.0123012224
    0.0104515780
    0.0120990177
    0.0149142669
    0.0151157479
    0.0119189082
    0.0102331732
    0.0088944903
    0.0099262596
    0.0117937274
    0.0124435288
    0.0092982176
    0.0083649229
    0.0083648610
    0.0060956576
    0.0062458194
    0.0015947738
    0.0039659539
    0.0053481107
    0.0058504584
   -0.0031507473
    0.0022567576
    0.0046406708
    0.0055055763
    0.0057602061
   -0.0042003072
    0.0018311092
    0.0043521338
    0.0052126859
    0.0002489054
    0.0036606135
    0.0082876692
    0.0094809912
    0.0107417588
    0.0085621046
    0.0098727815
    0.0112940265
    0.0072338719
    0.0087980157
    0.0102502643
    0.0118911541
    0.0072754828
    0.0086340748
    0.0102856163
    0.0121741027
    0.0069151828
    0.0082047662
    0.0100662272
   -0.0148386602
   -0.0173114940
   -0.0150390436
   -0.0126129718
   -0.0198191419
   -0.0238888439
   -0.0247844210
   -0.0224536664
   -0.0169986271
   -0.0108911188
   -0.0187549259
   -0.0241321905
   -0.0273724976
   -0.0283958132
   -0.0271302370
   -0.0236614364
   -0.0180486748
   -0.0098612696
   -0.0133355726
   -0.0207978968
   -0.0258295872
   -0.0287207952
   -0.0293623312
   -0.0276967800
   -0.0238477185
   -0.0178044135
   -0.0090099499
   -0.0105174145
   -0.0182982971
   -0.0241240177
   -0.0277393049
   -0.0290172551
   -0.0278423236
   -0.0243226560
   -0.0185891629
   -0.0108779614
   -0.0215388057
   -0.0265027306
   -0.0265589436
   -0.0216830318
   -0.0226968014
    0.0095805838
    0.0083426473
    0.0072120377
    0.0065762024
    0.0064772492
    0.0067299008
    0.0074382428
    0.0063039439
    0.0059501003
    0.0063129140
    0.0057900684
    0.0054128575
    0.0067819313
    0.0046145565
    0.0123012321
    0.0121514496
    0.0104712726
    0.0102216758
    0.0118573333
    0.0150684584
    0.0149625055
    0.0114726898
    0.0097611029
    0.0088004771
    0.0083320136
    0.0084166010
    0.0095367604
    0.0062216325
    0.0061116626
    0.0059103884
    0.0056226075
    0.0046196276
    0.0025865510
    0.0056228450
    0.0051004897
    0.0034162040
   -0.0005525139
    0.0051418277
    0.0041545373
    0.0013052552
   -0.0053563135
    0.0037049625
    0.0003439364
    0.0105766701
    0.0093267350
    0.0081409624
    0.0120620876
    0.0103717560
    0.0090742579
    0.0077250044
    0.0128590572
    0.0108099543
    0.0093667994
    0.0078501803
    0.0118827543
    0.0100786132
    0.0084121608
    0.0067207828
    0.0101011208
    0.0082477236
