    0.0145626205
    0.0040903929
   -0.0018278413
    0.0200079827
    0.0068034553
   -0.0015215155
    0.0194332981
    0.0162761766
    0.0262116786
    0.0160615418
    0.0280152471
    0.0022949365
    0.0144363914
    0.0212549094
    0.0022901850
    0.0144427405
    0.0215323013
    0.0159061762
    0.0128009950
    0.0172063002
    0.0189891026
    0.0155689807
    0.0134152267
    0.0189838717
    0.0209630308
    0.0189910459
    0.0171958229
    0.0144627136
    0.0285121931
    0.0217442598
    0.0038015580
   -0.0009144902
   -0.0043901772
   -0.0322610577
    0.0005976889
   -0.0097945887
   -0.0295780665
    0.0009978674
    0.0004381555
   -0.0034489843
   -0.0145394977
    0.0048457157
    0.0034603116
   -0.0002586885
    0.0071349174
    0.0050960866
    0.0076693423
    0.0036265693
    0.0026482177
   -0.0019989345
    0.0070163250
    0.0004413829
    0.0000701863
   -0.0036213888
   -0.0154271561
   -0.0100477493
   -0.0305981353
    0.0108592824
    0.0067917814
    0.0154012609
    0.0125098740
    0.0085365195
    0.0023801360
    0.0127632837
    0.0084087865
    0.0022408964
    0.0064916082
   -0.0194435654
   -0.0288964066
   -0.0376645302
   -0.0328472185
   -0.0449410565
   -0.0475128846
   -0.0475350452
   -0.0386939631
   -0.0444634730
   -0.0499130309
   -0.0508457446
   -0.0517057689
   -0.0477040490
   -0.0285653630
   -0.0451156788
   -0.0474686968
   -0.0474377805
   -0.0385928949
   -0.0286540241
   -0.0374255731
   -0.0325742680
   -0.0186970307
    0.0129259105
    0.0088668909
    0.0076797962
    0.0077968136
    0.0075136706
    0.0094846961
    0.0107395299
    0.0099688362
    0.0127410624
    0.0110169192
    0.0088988320
    0.0095609652
    0.0114356053
    0.0114632927
    0.0101865691
    0.0112955543
    0.0171209654
    0.0240777906
    0.0135819438
    0.0222364870
    0.0182289294
    0.0118663176
    0.0193090196
    0.0176595433
    0.0158600447
    0.0100679036
    0.0123879628
    0.0154698857
    0.0175565285
    0.0135836967
    0.0164173056
    0.0166914024
    0.0120445869
    0.0146717735
    0.0138178419
    0.0100729702
    0.0096423678
    0.0101875813
    0.0095746757
    0.0025530131
   -0.0018644092
    0.0140839391
    0.0010161658
    0.0010232985
   -0.0014935558
    0.0134136694
    0.0219294757
    0.0063282103
    0.0144059338
    0.0236838284
    0.0042669029
    0.0124905467
    0.0179660496
   -0.0017798888
    0.0087178060
    0.0148103838
    0.0196679478
    0.0042621912
    0.0125206855
    0.0185157560
    0.0062691993
    0.0141279840
    0.0140270350
    0.0156229125
    0.0135099586
    0.0112481571
    0.0119328186
    0.0160035271
    0.0168096392
    0.0162504542
    0.0147770077
    0.0125196951
    0.0209737178
    0.0180265981
    0.0161858350
    0.0158514163
    0.0154607710
    0.0243080340
    0.0187055391
    0.0041334563
    0.0007571569
   -0.0027336135
    0.0001834471
   -0.0027690708
   -0.0022743910
   -0.0058773698
   -0.0144141514
    0.0020154191
    0.0009940052
   -0.0011727024
   -0.0065479557
   -0.0148389199
    0.0046637971
    0.0029633858
    0.0003668138
    0.0011538057
    0.0054725667
    0.0034584134
    0.0066212850
    0.0034612768
    0.0020135731
   -0.0007904261
   -0.0013346888
    0.0065086728
    0.0013388618
    0.0004455619
   -0.0015614211
   -0.0071200622
   -0.0165470854
   -0.0025278048
   -0.0060317727
   -0.0146880323
    0.0092381659
    0.0060567887
    0.0020254094
    0.0128910557
    0.0100764207
    0.0071070694
    0.0030251979
    0.0119795478
    0.0091119944
    0.0056942917
    0.0015024107
    0.0106994844
    0.0070617443
    0.0028773631
    0.0059719768
   -0.0142266438
   -0.0205863051
   -0.0282743245
   -0.0240776612
   -0.0332243849
   -0.0366772472
   -0.0359320796
   -0.0279897126
   -0.0373474729
   -0.0402683812
   -0.0411261801
   -0.0400748225
   -0.0331016610
   -0.0150903785
   -0.0375300765
   -0.0402764037
   -0.0410978847
   -0.0400353575
   -0.0330632813
   -0.0150734583
   -0.0333277070
   -0.0365844882
   -0.0357987480
   -0.0278574605
   -0.0200966634
   -0.0279484691
   -0.0237501717
   -0.0133738562
    0.0134051434
    0.0091041164
    0.0076219535
    0.0103873027
    0.0070809652
    0.0068972967
    0.0074449421
    0.0080916004
    0.0067254881
    0.0073609915
    0.0091669340
    0.0087936699
    0.0077978682
    0.0079427494
    0.0086157488
    0.0086547136
    0.0087410757
    0.0083503344
    0.0088488889
    0.0168619614
    0.0209006252
    0.0128970414
    0.0195232556
    0.0158755484
    0.0111327396
    0.0180122922
    0.0158108888
    0.0137236734
    0.0097953714
    0.0136327193
    0.0132760722
    0.0120751901
    0.0084937559
    0.0095685260
    0.0098407913
    0.0147173492
    0.0154265076
    0.0123707334
    0.0138706882
    0.0146308063
    0.0111147640
    0.0127724843
    0.0132488037
    0.0125940957
    0.0097078549
    0.0111136560
    0.0107564809
    0.0085146771
    0.0080068758
    0.0083571648
    0.0067367777
    0.0018485380
   -0.0015792056
    0.0103584803
    0.0001223835
    0.0180934276
    0.0001557170
   -0.0011406456
    0.0098502396
    0.0119814393
    0.0209028239
    0.0048561207
    0.0112374965
    0.0159190510
    0.0002557724
    0.0080940487
    0.0131120455
    0.0175385419
    0.0048608745
    0.0113166519
    0.0167112125
    0.0117283209
    0.0117641629
    0.0133941294
    0.0115163774
    0.0093279090
    0.0093721221
    0.0131533916
    0.0143803946
    0.0142231465
    0.0130874132
    0.0114349196
    0.0178505252
    0.0156696137
    0.0145110630
    0.0143984882
    0.0210612412
    0.0166407225
    0.0043972674
    0.0013009086
    0.0004254791
   -0.0009220670
   -0.0037286930
   -0.0083415022
   -0.0189459355
    0.0004265174
   -0.0043334113
   -0.0099111349
   -0.0222642760
    0.0009554463
   -0.0008683207
   -0.0045675753
   -0.0113426222
    0.0041566978
    0.0019680550
   -0.0008617908
    0.0000174884
    0.0045065033
    0.0025498497
    0.0064194687
    0.0031060695
    0.0010811931
   -0.0019912394
   -0.0024130784
    0.0059425910
    0.0004288438
   -0.0012882553
   -0.0050146389
   -0.0122274290
   -0.0045435357
   -0.0101303112
   -0.0226999568
    0.0089151043
    0.0055467439
    0.0121125992
    0.0091831594
    0.0066184509
    0.0035419871
    0.0109665067
    0.0082083023
    0.0054654084
    0.0022406849
    0.0100749174
    0.0067078347
    0.0034797870
    0.0055944262
   -0.0105735293
   -0.0156088663
   -0.0227575742
   -0.0190215176
   -0.0233164592
   -0.0291798825
   -0.0302627620
   -0.0275747357
   -0.0184234769
   -0.0274101501
   -0.0321370626
   -0.0337354674
   -0.0337246565
   -0.0310076010
   -0.0228277396
   -0.0277898668
   -0.0321771526
   -0.0337158408
   -0.0336896470
   -0.0309688810
   -0.0227945227
   -0.0236044714
   -0.0291179401
   -0.0301391676
   -0.0274391891
   -0.0183040029
   -0.0150252654
   -0.0224068465
   -0.0186867842
   -0.0096412930
    0.0137072550
    0.0108585055
    0.0093870053
    0.0081104097
    0.0059623419
    0.0126235228
    0.0069482449
    0.0085066720
    0.0077729883
    0.0066725018
    0.0062358451
    0.0064154124
    0.0051426579
    0.0037262249
    0.0058898395
    0.0079721221
    0.0068898500
    0.0068438338
    0.0069609369
    0.0065958063
    0.0069694845
    0.0072145135
    0.0072681598
    0.0192361529
    0.0119219548
    0.0166408218
    0.0139010179
    0.0101490617
    0.0152194582
    0.0134742167
    0.0118661224
    0.0088787032
    0.0117939085
    0.0113783249
    0.0103840924
    0.0087526255
    0.0138027265
    0.0140040827
    0.0112889280
    0.0121049059
    0.0127245107
    0.0099777409
    0.0109757198
    0.0113783322
    0.0111232804
    0.0087106920
    0.0095591488
    0.0094457316
    0.0081117248
    0.0074912841
    0.0049562606
    0.0014186083
   -0.0061442327
   -0.0012977503
    0.0078331445
   -0.0001847411
    0.0088210334
    0.0144475249
   -0.0001198591
    0.0084936468
   -0.0050429526
   -0.0007921183
    0.0101782527
    0.0182619243
    0.0037511359
    0.0094304975
    0.0137293672
    0.0017049036
    0.0076166809
    0.0117441097
    0.0154489671
    0.0017144160
    0.0076451401
    0.0118925252
    0.0037579526
    0.0094959012
    0.0098635998
    0.0051093042
    0.0100172116
    0.0115092152
    0.0099948892
    0.0081538866
    0.0077806413
    0.0105705360
    0.0120961119
    0.0124422770
    0.0114322910
    0.0099602281
    0.0146991893
    0.0135027428
    0.0130316113
    0.0124888411
    0.0119293144
    0.0167499432
    0.0143779568
    0.0043501231
    0.0072761900
    0.0040333932
    0.0016417979
    0.0013831100
    0.0001563377
   -0.0022615574
   -0.0053334396
    0.0001562424
   -0.0022605385
   -0.0054439833
    0.0014299683
    0.0041505724
   -0.0022837063
   -0.0056539816
   -0.0119800467
    0.0012207593
   -0.0006697732
   -0.0038149064
   -0.0086715396
    0.0039436887
    0.0016233449
   -0.0007725761
    0.0004273643
    0.0038433074
    0.0019791305
    0.0056042615
    0.0028993492
    0.0007103008
   -0.0019418931
   -0.0018616249
    0.0047057175
    0.0006748127
   -0.0011668711
   -0.0043781997
   -0.0096234793
   -0.0025643547
   -0.0059194540
   -0.0123438215
   -0.0171203333
    0.0050376592
    0.0107442489
    0.0079184874
    0.0055842644
    0.0030442495
    0.0097583520
    0.0074214973
    0.0051995903
    0.0027088474
    0.0105629163
    0.0075946106
    0.0052245461
    0.0026961423
    0.0088480480
    0.0057427666
    0.0030538217
   -0.0080389001
   -0.0117105058
   -0.0175699077
   -0.0145352798
   -0.0213677514
   -0.0238461736
   -0.0233785002
   -0.0195699640
   -0.0112380016
   -0.0242457615
   -0.0269486237
   -0.0276679603
   -0.0266573373
   -0.0229043352
   -0.0149494490
   -0.0264206456
   -0.0282795965
   -0.0288688134
   -0.0282448856
   -0.0256124490
   -0.0197130445
   -0.0243654810
   -0.0269253853
   -0.0276101012
   -0.0265899885
   -0.0228376756
   -0.0148959024
   -0.0212804583
   -0.0236919331
   -0.0232110964
   -0.0194047080
   -0.0110972833
   -0.0109514155
   -0.0171528923
   -0.0141558255
   -0.0070572286
    0.0108869262
    0.0094383256
    0.0083451747
    0.0072731672
    0.0058521498
    0.0093552123
    0.0063970988
    0.0064460690
    0.0062417589
    0.0073122974
    0.0068788737
    0.0062193774
    0.0060222320
    0.0056263874
    0.0052487426
    0.0039584828
    0.0029088803
    0.0044399430
    0.0064166537
    0.0062335797
    0.0060836657
    0.0058382488
    0.0053393108
    0.0057616623
    0.0063232421
    0.0061339207
    0.0118839192
    0.0157633886
    0.0132321788
    0.0100130238
    0.0144256288
    0.0125514127
    0.0111641627
    0.0088493328
    0.0129099196
    0.0117585797
    0.0108957600
    0.0098875302
    0.0078766268
    0.0094639017
    0.0093713905
    0.0087797198
    0.0076810605
    0.0109701746
    0.0112001677
    0.0117170342
    0.0096362827
    0.0101428919
    0.0104942749
    0.0107217367
    0.0086416435
    0.0091863689
    0.0094005770
    0.0090714318
    0.0076372230
    0.0080353029
    0.0078443015
    0.0068731309
    0.0066846585
