  -0.8310380591   -1.7804375975    1.2860577281
  -0.5648594162   -2.6712530027    0.5174043802
   0.4494578451   -2.5254161973    0.5174043802
  -1.0507083219   -2.8346450332   -0.5325956198
  -0.5648594162    0.9290311556   -1.5825956198
   0.2189619409    0.0382157504   -2.3512489678
  -0.8310380591    0.0382157504   -2.3512489678
   1.8413628285   -1.5369243938   -0.6902761296
   0.5210385891   -3.1104255496   -0.6902761296
   1.4675545009   -2.5639543331   -0.6902761296
   1.8413628285   -1.5369243938   -1.7285732307
  -0.5552995926   -2.9206380878   -1.7285732307
   0.5210385891   -3.1104255496   -1.7285732307
   1.4675545009   -2.5639543331   -1.7285732307
   1.2310671050   -1.5369243938   -2.5685732307
   0.5487357429   -0.5977758433   -2.5685732307
  -0.5552995926   -2.1173501186   -2.5685732307
   0.5487357429   -2.4760729444   -2.5685732307
   0.2435878811   -1.5369243938   -2.8894246801
   1.1546136716   -0.6931898034    2.6307479109
   2.1420928954   -0.6931898034    2.3098964614
   0.3557261979   -1.2736155282    2.3098964614
   1.4597615333   -1.6323383540    2.3098964614
   2.7523886189   -0.6931898034    1.4698964614
   2.3785802914    0.3338401358    1.4698964614
   0.3557261979   -2.0769034974    1.4698964614
   1.4320643795   -2.2666909592    1.4698964614
   2.3785802914   -1.7202197427    1.4698964614
   2.7523886189   -0.6931898034    0.4315993603
   1.4320643795   -2.2666909592    0.4315993603
   2.3785802914   -1.7202197427    0.4315993603
  -0.2614877991    0.8941555673    3.3633941910
  -0.7864877991    1.8034822413    3.0820475390
   0.2635122009   -0.0151711067    3.0820475390
  -1.4524524653    2.2686020609    2.3133941910
  -0.0083607706    2.9788442029    1.2633941910
   0.4940081051    2.5484608411    0.2133941910
  -0.5858464815    3.1601191734    1.2046345613
  -1.6621846631    2.9703317116    1.2046345613
  -2.3647145171    2.1330892341    1.2046345613
  -2.3647145171    1.0401468011    1.2046345613
   0.3606694304    2.6136479569    0.1663374602
  -0.5858464815    3.1601191734    0.1663374602
  -1.6621846631    2.9703317116    0.1663374602
  -2.3647145171    2.1330892341    0.1663374602
  -2.3647145171    1.0401468011    0.1663374602
  -0.5581493276    2.5257665682   -0.6736625398
  -1.6621846631    2.1670437424   -0.6736625398
  -0.8632971894    1.5866180176   -0.9945139892
  -0.9343674694    0.3097187270    3.5588355013
  -1.7332549431    0.8901444518    3.2379840519
  -1.7332549431   -0.2707069977    3.2379840519
  -0.6292196077   -0.6294298235    3.2379840519
  -2.4357847972    0.8561899435    2.3979840519
  -2.4357847972   -0.2367524895    2.3979840519
  -1.7332549431   -1.0739949669    2.3979840519
  -0.6569167615   -1.2637824287    2.3979840519
  -2.4357847972    0.8561899435    1.3596869508
  -2.4357847972   -0.2367524895    1.3596869508
   0.3875609512    1.4692728376    3.5958259313
   1.3750401750    1.4692728376    3.2749744819
   0.6927088130    2.4084213881    3.2749744819
  -0.4113265225    2.0496985623    3.2749744819
   0.6927088130    0.5301242870    3.2749744819
   1.9853358986    1.4692728376    2.4349744819
   1.6115275710    2.4963027768    2.4349744819
   0.6650116591    3.0427739933    2.4349744819
  -0.4113265225    2.8529865315    2.4349744819
   1.6115275710    0.4422428983    2.4349744819
   1.6115275710    2.4963027768    1.3966773808
   0.6650116591    3.0427739933    1.3966773808
  -2.4741110197   -0.8711109235    1.1648141716
  -1.9841110197   -1.7198158192    1.1648141716
  -2.8673443874    0.1266015190    0.4474043802
  -3.1915208111   -0.8711109235    0.4474043802
  -2.8673443874   -1.8688233660    0.4474043802
  -2.0186394917   -2.4854435665    0.4474043802
  -2.4741110197    0.8262988679   -0.5325956198
  -3.1915208111    0.1088890765   -0.5325956198
  -3.4541110197   -0.8711109235   -0.5325956198
  -3.1915208111   -1.8511109235   -0.5325956198
  -2.4741110197   -2.5685207149   -0.5325956198
  -1.4941110197   -2.8311109235   -0.5325956198
  -2.0186394917    0.7432217194   -1.5125956198
  -2.8673443874    0.1266015190   -1.5125956198
  -3.1915208111   -0.8711109235   -1.5125956198
  -2.8673443874   -1.8688233660   -1.5125956198
  -2.0186394917   -2.4854435665   -1.5125956198
  -1.9841110197   -0.0224060278   -2.2300054112
  -2.4741110197   -0.8711109235   -2.2300054112
  -1.9841110197   -1.7198158192   -2.2300054112
  -1.4941110197   -0.8711109235   -2.4925956198
   3.0728648657   -0.1901156654    0.5174043802
   1.7960433403    2.8778112029   -0.5325956198
   3.0728648657    1.7763608000   -1.5825956198
   1.5429163117    0.7931225673   -2.6325956198
   1.2887684394    3.0738373333   -0.6430221196
   0.2124302578    2.8840498716   -0.6430221196
   2.2352843513    2.5273661168   -1.6813192207
   1.2887684394    3.0738373333   -1.6813192207
   0.2124302578    2.8840498716   -1.6813192207
  -0.4900995962    2.0468073941   -1.6813192207
  -0.4900995962    0.9538649611   -1.6813192207
   1.9987969553    1.5003361776   -2.5213192207
   1.3164655933    2.4394847281   -2.5213192207
   0.2124302578    2.0807619023   -2.5213192207
   0.2124302578    0.9199104529   -2.5213192207
   1.0113177315    1.5003361776   -2.8421706701
   3.7228957394    0.1407338170   -0.6575340496
   2.4025715000   -1.4327673388   -0.6575340496
   3.3490874118   -0.8862961223   -0.6575340496
   3.7228957394    0.1407338170   -1.6958311507
   3.3490874118    1.1677637562   -1.6958311507
   2.4025715000   -1.4327673388   -1.6958311507
   3.3490874118   -0.8862961223   -1.6958311507
   3.1126000159    0.1407338170   -2.5358311507
   2.4302686538    1.0798823675   -2.5358311507
   1.3262333183   -0.4396919078   -2.5358311507
   2.4302686538   -0.7984147336   -2.5358311507
   2.1251207920    0.1407338170   -2.8566826001
   2.2369845721    1.3522078675    1.7648565705
   3.2244637959    1.3522078675    1.4440051210
   2.5421324338    2.2913564181    1.4440051210
   2.5421324338    0.4130593170    1.4440051210
   3.8347595194    1.3522078675    0.6040051210
   3.4609511919    2.3792378068    0.6040051210
   2.5144352800    2.9257090233    0.6040051210
   1.4380970984    2.7359215615    0.6040051210
   3.4609511919    0.3251779283    0.6040051210
   3.8347595194    1.3522078675   -0.4342919801
   3.4609511919    2.3792378068   -0.4342919801
   2.5144352800    2.9257090233   -0.4342919801
  -0.8266985461   -1.7729213404    1.6297296632
  -0.5730769895   -2.7284074802    0.9637799046
   0.4734448260   -2.5779403590    0.9637799046
  -0.8266985461   -3.1522735650    0.0014546217
   0.2146224278   -3.1522735650    0.0014546217
  -0.8266985461   -3.1522735650   -1.0666458613
   0.2146224278    0.0306994934   -2.6949209028
  -0.8266985461    0.0306994934   -2.6949209028
  -0.3060380591   -0.8711109235   -2.9325956198
   0.7574116904   -3.1183114726   -0.2494246801
   1.5887960780   -2.5142753579   -0.2494246801
  -0.7164121189   -3.1996931691   -1.2094246801
   0.2435878811   -3.4569243938   -1.2094246801
   1.2035878811   -3.1996931691   -1.2094246801
   1.9063566564   -2.4969243938   -1.2094246801
   1.9063566564   -1.5369243938   -2.1694246801
  -1.1016203158   -2.5142753579   -2.1694246801
  -0.2702359281   -3.1183114726   -2.1694246801
   0.7574116904   -3.1183114726   -2.1694246801
   1.5887960780   -2.5142753579   -2.1694246801
   1.2035878811   -1.5369243938   -2.8721934554
   0.7235878811   -0.7055400062   -2.8721934554
  -0.7164121189   -1.5369243938   -2.8721934554
  -0.2364121189   -2.3683087815   -2.8721934554
   0.7235878811   -2.3683087815   -2.8721934554
   0.2435878811   -1.5369243938   -3.1294246801
   1.1546136716   -0.6931898034    2.8707479109
   2.1146136716   -0.6931898034    2.6135166862
   1.6346136716    0.1381945842    2.6135166862
   0.6746136716   -1.5245741911    2.6135166862
   1.6346136716   -1.5245741911    2.6135166862
   2.8173824468   -0.6931898034    1.9107479109
   2.4998218685    0.2841611606    1.9107479109
  -0.1905945253   -1.6705407675    1.9107479109
   0.6407898623   -2.2745768822    1.9107479109
   1.6684374808   -2.2745768822    1.9107479109
   2.4998218685   -1.6705407675    1.9107479109
   3.0746136716   -0.6931898034    0.9507479109
   1.1546136716   -2.6131898034    0.9507479109
   2.1146136716   -2.3559585787    0.9507479109
   2.8173824468   -1.6531898034    0.9507479109
   1.6684374808   -2.2745768822   -0.0092520891
   2.4998218685   -1.6705407675   -0.0092520891
  -0.2614877991    0.8941555673    3.6633941910
  -0.7821482861    1.7959659842    3.4257194740
   0.2591726878   -0.0076548496    3.4257194740
  -1.4902655713    2.3122407115    2.7597697155
   0.5179950860   -0.8126738681    2.7597697155
  -0.7821482861    3.1753182088    1.7974444325
   0.2591726878    3.1753182088    0.7293439495
  -1.3771209987    3.1680050964    1.6454860108
  -2.2085053863    2.5639689817    1.6454860108
   0.0967028106    3.2493867929    0.6854860108
  -0.8632971894    3.5066180176    0.6854860108
  -1.8232971894    3.2493867929    0.6854860108
  -2.5260659647    2.5466180176    0.6854860108
  -2.7832971894    1.5866180176    0.6854860108
  -0.3494733801    3.1680050964   -0.2745139892
  -1.3771209987    3.1680050964   -0.2745139892
  -2.2085053863    2.5639689817   -0.2745139892
  -2.5260659647    1.5866180176   -0.2745139892
  -1.3432971894    2.4180024053   -0.9772827645
  -1.8232971894    1.5866180176   -0.9772827645
  -0.9343674694    0.3097187270    3.7988355013
  -1.4143674694    1.1411031147    3.5416042766
  -1.8943674694    0.3097187270    3.5416042766
  -1.4143674694   -0.5216656606    3.5416042766
  -0.4543674694   -0.5216656606    3.5416042766
  -2.2795756663    1.2870696911    2.8388355013
  -2.5971362447    0.3097187270    2.8388355013
  -2.2795756663   -0.6676322370    2.8388355013
  -1.4481912787   -1.2716683518    2.8388355013
  -0.4205436602   -1.2716683518    2.8388355013
  -2.5971362447    1.2697187270    1.8788355013
  -2.8543674694    0.3097187270    1.8788355013
  -2.5971362447   -0.6502812730    1.8788355013
  -1.8943674694   -1.3530500482    1.8788355013
  -0.9343674694   -1.6102812730    1.8788355013
   0.3875609512    1.4692728376    3.8358259313
   1.3475609512    1.4692728376    3.5785947066
   0.8675609512    2.3006572252    3.5785947066
  -0.0924390488    2.3006572252    3.5785947066
  -0.5724390488    1.4692728376    3.5785947066
   0.8675609512    0.6378884499    3.5785947066
   2.0503297265    1.4692728376    2.8758259313
   1.7327691481    2.4466238017    2.8758259313
   0.9013847605    3.0506599164    2.8758259313
  -0.1262628581    3.0506599164    2.8758259313
   1.7327691481    0.4919218735    2.8758259313
   2.0503297265    2.4292728376    1.9158259313
   1.3475609512    3.1320416128    1.9158259313
   0.3875609512    3.3892728376    1.9158259313
   0.9013847605    3.0506599164    0.9558259313
  -2.4660105953   -0.8711109235    1.4855746443
  -1.9800608075   -1.7128006459    1.4855746443
  -2.9109445213    0.1582788705    0.8640215363
  -3.2454135404   -0.8711109235    0.8640215363
  -2.9109445213   -1.9005007175    0.8640215363
  -2.0352932609   -2.5366985979    0.8640215363
  -3.1287376266    0.5770418832   -0.0341487278
  -3.6144911645   -0.3484841566   -0.0341487278
  -3.6144911645   -1.3937376904   -0.0341487278
  -3.1287376266   -2.3192637303   -0.0341487278
  -2.2685108326   -2.9130354142   -0.0341487278
  -1.2308783739   -3.0390268052   -0.0341487278
  -2.2685108326    1.1708135672   -1.0310425119
  -3.1287376266    0.5770418832   -1.0310425119
  -3.6144911645   -0.3484841566   -1.0310425119
  -3.6144911645   -1.3937376904   -1.0310425119
  -3.1287376266   -2.3192637303   -1.0310425119
  -2.2685108326   -2.9130354142   -1.0310425119
  -1.2308783739   -3.0390268052   -1.0310425119
  -2.0352932609    0.7944767508   -1.9292127760
  -2.9109445213    0.1582788705   -1.9292127760
  -3.2454135404   -0.8711109235   -1.9292127760
  -2.9109445213   -1.9005007175   -1.9292127760
  -2.0352932609   -2.5366985979   -1.9292127760
  -1.9800608075   -0.0294212011   -2.5507658839
  -2.4660105953   -0.8711109235   -2.5507658839
  -1.9800608075   -1.7128006459   -2.5507658839
  -1.4941110197   -0.8711109235   -2.7725956198
   3.1214407038   -0.2213334610    0.9637799046
   1.0222558248    3.0742852087    0.0014546217
   3.6510275853   -0.2220903157    0.0014546217
   3.1214407038    1.8075785956   -2.0289711443
   1.5429163117    0.7931225673   -2.9325956198
   0.4974939222    3.0817232564   -0.2021706701
   1.9713177315    3.1631049529   -1.1621706701
   1.0113177315    3.4203361776   -1.1621706701
   0.0513177315    3.1631049529   -1.1621706701
  -0.6514510438    2.4603361776   -1.1621706701
   2.3565259284    2.4776871417   -2.1221706701
   1.5251415408    3.0817232564   -2.1221706701
   0.4974939222    3.0817232564   -2.1221706701
  -0.3338904654    2.4776871417   -2.1221706701
  -0.6514510438    1.5003361776   -2.1221706701
   1.9713177315    1.5003361776   -2.8249394454
   1.4913177315    2.3317205652   -2.8249394454
   0.5313177315    2.3317205652   -2.8249394454
   0.0513177315    1.5003361776   -2.8249394454
   0.5313177315    0.6689517900   -2.8249394454
   1.0113177315    1.5003361776   -3.0821706701
   2.6389446013   -1.4406532619   -0.2166826001
   3.4703289889   -0.8366171471   -0.2166826001
   4.0451207920    0.1407338170   -1.1766826001
   3.0851207920   -1.5220349583   -1.1766826001
   3.7878895673   -0.8192661830   -1.1766826001
   3.7878895673    0.1407338170   -2.1366826001
   3.4703289889    1.1180847810   -2.1366826001
   2.6389446013   -1.4406532619   -2.1366826001
   3.4703289889   -0.8366171471   -2.1366826001
   3.0851207920    0.1407338170   -2.8394513754
   2.6051207920    0.9721182046   -2.8394513754
   1.1651207920    0.1407338170   -2.8394513754
   1.6451207920   -0.6906505707   -2.8394513754
   2.6051207920   -0.6906505707   -2.8394513754
   2.1251207920    0.1407338170   -3.0966826001
   3.1969845721    1.3522078675    1.7476253457
   2.7169845721    2.1835922552    1.7476253457
   2.7169845721    0.5208234799    1.7476253457
   3.8997533473    1.3522078675    1.0448565705
   3.5821927690    2.3295588316    1.0448565705
   2.7508083813    2.9335949463    1.0448565705
   1.7231607628    2.9335949463    1.0448565705
   3.5821927690    0.3748569035    1.0448565705
   4.1569845721    1.3522078675    0.0848565705
   3.8997533473    2.3122078675    0.0848565705
   3.1969845721    3.0149766428    0.0848565705
   2.2369845721    3.2722078675    0.0848565705
   3.8997533473    0.3922078675    0.0848565705
   3.8997533473    1.3522078675   -0.8751434295
   3.5821927690    2.3295588316   -0.8751434295
   2.7508083813    2.9335949463   -0.8751434295
  -0.5777438846   -2.7608664486    1.3765926894
  -0.8611109075   -3.3030439716    0.5006496476
   0.2490347892   -3.3030439716    0.5006496476
   1.2492415009   -2.8213698057    0.5006496476
  -0.3060380591   -3.5711109235   -0.5325956198
   0.2105845746    0.0237057264   -3.0270703576
  -0.8226606928    0.0237057264   -3.0270703576
  -0.3060380591   -0.8711109235   -3.2325956198
   1.0206693826   -3.2384955326   -0.1294246801
   1.8172492509   -2.5482551475   -0.1294246801
  -0.5223586749   -3.5565594780   -1.2094246801
   0.5039471105   -3.6811755619   -1.2094246801
   1.4706077341   -3.3145695442   -1.2094246801
   2.1561728965   -2.5407264455   -1.2094246801
  -0.9814043470   -2.9506407873   -2.2894246801
  -0.0226283719   -3.3884991038   -2.2894246801
   1.0206693826   -3.2384955326   -2.2894246801
   1.8172492509   -2.5482551475   -2.2894246801
   1.3235878811   -1.5369243938   -3.0800395523
   0.7835878811   -0.6016169578   -3.0800395523
  -0.2964121189   -2.4722318299   -3.0800395523
   0.7835878811   -2.4722318299   -3.0800395523
   0.2435878811   -1.5369243938   -3.3694246801
   1.1546136716   -0.6931898034    3.1107479109
   2.2346136716   -0.6931898034    2.8213627831
   0.6146136716   -1.6284972395    2.8213627831
   1.6946136716   -1.6284972395    2.8213627831
   3.0252285437   -0.6931898034    2.0307479109
   2.7282750413    0.3181409502    2.0307479109
  -0.0703785566   -2.1069061969    2.0307479109
   0.8883974186   -2.5447645134    2.0307479109
   1.9316951730   -2.3947609422    2.0307479109
   2.7282750413   -1.7045205571    2.0307479109
   3.3146136716   -0.6931898034    0.9507479109
   1.4149729009   -2.8374409715    0.9507479109
   2.3816335245   -2.4708349538    0.9507479109
   3.0671986870   -1.6969918551    0.9507479109
   1.9316951730   -2.3947609422   -0.1292520891
   2.7282750413   -1.7045205571   -0.1292520891
  -0.2614877991    0.8941555673    3.9633941910
  -0.7781104328    1.7889722172    3.7578689288
   0.2551348346   -0.0006610826    3.7578689288
  -1.5117402565    2.3370238194    3.1725825002
   0.5316176872   -0.8425032039    3.1725825002
   1.3446236108   -0.1380295609    3.1725825002
  -0.8165606475    3.3260886154    2.2966394584
  -1.8167673591    2.8444144495    2.2966394584
  -2.5089318796    1.9764675937    2.2966394584
  -0.2614877991    3.5941555673    1.2633941910
  -2.9614877991    0.8941555673    1.2633941910
  -1.1295134424    3.4381927276    1.7654860108
  -2.0882894175    3.0003344111    1.7654860108
  -2.6581390156    2.1136311284    1.7654860108
  -0.6029379600    3.7308691857    0.6854860108
  -1.6292437454    3.6062531018    0.6854860108
  -2.4800804054    3.0189629594    0.6854860108
  -2.9605315150    2.1035398525    0.6854860108
  -2.9605315150    1.0696961828    0.6854860108
  -0.0862156879    3.2881891564   -0.3945139892
  -1.1295134424    3.4381927276   -0.3945139892
  -2.0882894175    3.0003344111   -0.3945139892
  -2.6581390156    2.1136311284   -0.3945139892
  -1.4032971894    2.5219254537   -1.1851288614
  -1.9432971894    1.5866180176   -1.1851288614
  -0.9343674694    0.3097187270    4.0388355013
  -1.4743674694    1.2450261631    3.7494503735
  -2.0143674694    0.3097187270    3.7494503735
  -1.4743674694   -0.6255887091    3.7494503735
  -0.3943674694   -0.6255887091    3.7494503735
  -2.7292092956    0.8367318378    2.9588355013
  -2.7292092956   -0.2172943838    2.9588355013
  -2.1593596975   -1.1039976664    2.9588355013
  -1.2005837224   -1.5418559829    2.9588355013
  -0.1572859680   -1.3918524117    2.9588355013
  -3.0316017951    0.8266405619    1.8788355013
  -3.0316017951   -0.2072031078    1.8788355013
  -2.5511506855   -1.1226262148    1.8788355013
  -1.7003140254   -1.7099163572    1.8788355013
   0.3875609512    1.4692728376    4.0758259313
   1.4675609512    1.4692728376    3.7864408035
   0.9275609512    2.4045802737    3.7864408035
  -0.1524390488    2.4045802737    3.7864408035
   0.9275609512    0.5339654015    3.7864408035
   2.2581758234    1.4692728376    2.9958259313
   1.9612223210    2.4806035912    2.9958259313
   1.1646424526    3.1708439763    2.9958259313
   0.1213446982    3.3208475476    2.9958259313
   1.9612223210    0.4579420839    2.9958259313
   1.6145808041    3.2469179879    1.9158259313
   0.6479201805    3.6135240056    1.9158259313
   1.1646424526    3.1708439763    0.8358259313
  -2.0408045310   -1.8180118612    1.7378459273
  -3.3845187909   -0.3160371194    1.0385986809
  -3.3845187909   -1.4261847276    1.0385986809
  -2.7843276805   -2.3601003250    1.0385986809
  -1.7745018966   -2.8212723080    1.0385986809
  -3.0259121989    1.0497070004    0.0281571338
  -3.7076278570    0.1948626036    0.0281571338
  -3.9509293584   -0.8711109235    0.0281571338
  -3.7076278570   -1.9370844507    0.0281571338
  -3.0259121989   -2.7919288474    0.0281571338
  -2.0408045310   -3.2663316971    0.0281571338
  -3.0259121989    1.0497070004   -1.0933483734
  -3.7076278570    0.1948626036   -1.0933483734
  -3.9509293584   -0.8711109235   -1.0933483734
  -3.7076278570   -1.9370844507   -1.0933483734
  -3.0259121989   -2.7919288474   -1.0933483734
  -2.0408045310   -3.2663316971   -1.0933483734
  -1.7745018966    1.0790504610   -2.1037899205
  -2.7843276805    0.6178784779   -2.1037899205
  -3.3845187909   -0.3160371194   -2.1037899205
  -3.3845187909   -1.4261847276   -2.1037899205
  -2.7843276805   -2.3601003250   -2.1037899205
  -1.7745018966   -2.8212723080   -2.1037899205
  -2.0408045310    0.0757900142   -2.8030371669
  -2.5874980423   -0.8711109235   -2.8030371669
  -2.0408045310   -1.8180118612   -2.8030371669
  -1.4941110197   -0.8711109235   -3.0525956198
   0.9878434634    3.2250556154    0.5006496476
   3.7903603923   -0.2891894591    0.5006496476
   4.2429163117    0.7931225673   -0.5325956198
   3.7903603923    1.8754345936   -1.5658408872
   3.0981958717    2.7433814495   -1.5658408872
   3.1490277217    1.8253076954   -2.4417839290
   1.0262936780   -0.1016940826   -3.0270703576
   1.5429163117    0.7931225673   -3.2325956198
   0.7451014785    3.3519108876   -0.0821706701
   1.2716769608    3.6445873456   -1.1621706701
   0.2453711755    3.5199712618   -1.1621706701
  -0.6054654846    2.9326811194   -1.1621706701
   1.7883992329    3.2019073163   -2.2421706701
   0.7451014785    3.3519108876   -2.2421706701
  -0.2136744966    2.9140525710   -2.2421706701
  -0.7835240947    2.0273492884   -2.2421706701
   1.5513177315    2.4356436137   -3.0327855423
   0.4713177315    2.4356436137   -3.0327855423
  -0.0686822685    1.5003361776   -3.0327855423
   0.4713177315    0.5650287415   -3.0327855423
   1.0113177315    1.5003361776   -3.3221706701
   2.9022022935   -1.5608373218   -0.0966826001
   3.6987821618   -0.8705969367   -0.0966826001
   4.2851207920    0.1407338170   -1.1766826001
   2.3854800214   -2.0035173511   -1.1766826001
   3.3521406450   -1.6369113334   -1.1766826001
   4.0377058074   -0.8630682347   -1.1766826001
   3.9957356642    0.1407338170   -2.2566826001
   3.6987821618    1.1520645706   -2.2566826001
   2.9022022935   -1.5608373218   -2.2566826001
   3.6987821618   -0.8705969367   -2.2566826001
   3.2051207920    0.1407338170   -3.0472974723
   2.6651207920    1.0760412530   -3.0472974723
   1.5851207920   -0.7945736191   -3.0472974723
   2.6651207920   -0.7945736191   -3.0472974723
   2.1251207920    0.1407338170   -3.3366826001
   3.3169845721    1.3522078675    1.9554714427
   2.7769845721    2.2875153036    1.9554714427
   2.7769845721    0.4169004314    1.9554714427
   4.1075994442    1.3522078675    1.1648565705
   3.8106459419    2.3635386212    1.1648565705
   3.0140660735    3.0537790062    1.1648565705
   1.9707683191    3.2037825775    1.1648565705
   3.8106459419    0.3408771139    1.1648565705
   4.3969845721    1.3522078675    0.0848565705
   4.1495695875    2.3560099191    0.0848565705
   3.4640044250    3.1298530179    0.0848565705
   2.4973438014    3.4964590356    0.0848565705
   4.1495695875    0.3484058159    0.0848565705
   3.8106459419    2.3635386212   -0.9951434295
   3.0140660735    3.0537790062   -0.9951434295
  -0.5804727033   -2.7798457995    1.7655377095
  -0.5776109730   -3.4549546016    0.9674043802
   0.4968116429   -3.3420282342    0.9674043802
  -1.1145543621   -3.7127509749   -0.0116510868
  -0.0334382719   -3.8129311338   -0.0116510868
   1.0108617066   -3.5158021721   -0.0116510868
   1.8773070745   -2.8614930026   -0.0116510868
  -1.1145543621   -3.7127509749   -1.0535401528
   0.2069921559    0.0174834747   -3.3516734822
  -0.8190682741    0.0174834747   -3.3516734822
  -1.3320984891   -0.8711109235   -3.3516734822
  -0.8190682741   -1.7597053217   -3.3516734822
  -0.3060380591   -0.8711109235   -3.5325956198
   0.7642483681   -3.8180870353   -0.6753744386
   1.7024461470   -3.3662747976   -0.6753744386
   2.3516991547   -2.5521372768   -0.6753744386
  -0.2770726058   -3.8180870353   -1.7434749216
   0.7642483681   -3.8180870353   -1.7434749216
   1.7024461470   -3.3662747976   -1.7434749216
   2.3516991547   -2.5521372768   -1.7434749216
  -0.9851898911   -2.9550095381   -2.7058002046
  -0.0234510492   -3.3942209505   -2.7058002046
   1.0230707662   -3.2437538293   -2.7058002046
   1.8221122732   -2.5513804221   -2.7058002046
   1.2849088550   -1.5369243938   -3.3717499631
   0.7642483681   -0.6351139770   -3.3717499631
  -0.2770726058   -2.4387348107   -3.3717499631
   0.7642483681   -2.4387348107   -3.3717499631
   0.2435878811   -1.5369243938   -3.6094246801
   2.1959346454   -0.6931898034    3.1130731939
   0.6339531846   -1.5950002203    3.1130731939
   1.6752741585   -1.5950002203    3.1130731939
   3.0310092295   -0.6931898034    2.4471234353
   2.7331380636    0.3212662249    2.4471234353
  -0.0741641007   -2.1112749477    2.4471234353
   0.8875747412   -2.5504863601    2.4471234353
   1.9340965566   -2.4000192389    2.4471234353
   2.7331380636   -1.7076458317    2.4471234353
   3.4944406608   -0.6931898034    1.4847981524
   0.6339531846   -2.9743524449    1.4847981524
   1.6752741585   -2.9743524449    1.4847981524
   2.6134719375   -2.5225402072    1.4847981524
   3.2627249451   -1.7084026864    1.4847981524
   1.6752741585   -2.9743524449    0.4166976694
   2.6134719375   -2.5225402072    0.4166976694
   3.2627249451   -1.7084026864    0.4166976694
  -0.2614877991    0.8941555673    4.2633941910
  -0.7745180141    1.7827499655    4.0824720534
   0.2515424159    0.0055611691    4.0824720534
  -1.5242968967    2.3515149546    3.5615275204
   0.5395830706   -0.8599449607    3.5615275204
   1.3607542434   -0.1483960889    3.5615275204
  -1.5605259048    3.1441555673    2.7633941910
  -2.3633756068    2.4212664487    2.7633941910
   0.0111119882    3.8359757776    1.7843387240
  -1.0700041021    3.7357956186    1.7843387240
  -3.1656063878    1.4370294166    1.7843387240
   1.0554119666    3.5388468159    0.7424496580
   0.0111119882    3.8359757776    0.7424496580
  -1.3839576763    3.8677806591    1.2195362523
  -2.3221554553    3.4159684213    1.2195362523
  -2.9714084630    2.6018309006    1.2195362523
  -3.2031241786    1.5866180176    1.2195362523
  -0.3426367025    3.8677806591    0.1514357693
  -1.3839576763    3.8677806591    0.1514357693
  -2.3221554553    3.4159684213    0.1514357693
  -2.9714084630    2.6018309006    0.1514357693
  -3.2031241786    1.5866180176    0.1514357693
  -1.1303361198    3.4439145743   -0.8108895137
  -2.0920749616    3.0047031619   -0.8108895137
  -2.6636855429    2.1152597358   -0.8108895137
  -1.3839576763    2.4884284345   -1.4768392722
  -0.9343674694    0.3097187270    4.2788355013
  -1.4550279564    1.2115291439    4.0411607843
  -1.9756884433    0.3097187270    4.0411607843
  -1.4550279564   -0.5920916898    4.0411607843
  -0.4137069825   -0.5920916898    4.0411607843
  -2.7347558230    0.8383604452    3.3752110258
  -2.7347558230   -0.2189229911    3.3752110258
  -2.1631452417   -1.1083664172    3.3752110258
  -1.2014063998   -1.5475778296    3.3752110258
  -0.1548845843   -1.3971107084    3.3752110258
  -3.0424787430    1.3249316100    2.4128857428
  -3.2741944587    0.3097187270    2.4128857428
  -3.0424787430   -0.7054941559    2.4128857428
  -2.3932257353   -1.5196316767    2.4128857428
  -1.4550279564   -1.9714439144    2.4128857428
  -0.4137069825   -1.9714439144    2.4128857428
  -3.2741944587    0.3097187270    1.3447852598
   0.3875609512    1.4692728376    4.3158259313
   1.4288819251    1.4692728376    4.0781512143
   0.9082214381    2.3710832545    4.0781512143
  -0.1330995357    2.3710832545    4.0781512143
   0.9082214381    0.5674624207    4.0781512143
   2.2639565091    1.4692728376    3.4122014558
   1.9660853433    2.4837288659    3.4122014558
   1.1670438363    3.1761022730    3.4122014558
   0.1205220208    3.3265693943    3.4122014558
   1.9660853433    0.4548168093    3.4122014558
   2.7273879404    1.4692728376    2.4498761728
   2.4956722248    2.4844857206    2.4498761728
   1.8464192171    3.2986232413    2.4498761728
   0.9082214381    3.7504354791    2.4498761728
  -0.1330995357    3.7504354791    2.4498761728
   0.9082214381    3.7504354791    1.3817756898
  -3.4740100070   -0.8711109235    1.4473033675
  -3.2087538396   -1.8610604172    1.4473033675
  -2.4840605134   -2.5857537435    1.4473033675
  -1.4941110197   -2.8510099108    1.4473033675
  -3.5869268989    0.6494088160    0.5389179908
  -4.0244445544   -0.3332719275    0.5389179908
  -4.0244445544   -1.4089499195    0.5389179908
  -3.5869268989   -2.3916306630    0.5389179908
  -2.7875423652   -3.1113997301    0.5389179908
  -1.7645118015   -3.4438025101    0.5389179908
  -3.1814880016    1.3633373129   -0.5325956198
  -3.8747189997    0.6028991325   -0.5325956198
  -4.2464356988   -0.3566122736   -0.5325956198
  -4.2464356988   -1.3856095734   -0.5325956198
  -3.8747189997   -2.3451209796   -0.5325956198
  -3.1814880016   -3.1055591599   -0.5325956198
  -2.2603673919   -3.5642227244   -0.5325956198
  -1.7645118015    1.7015806630   -1.6041092304
  -2.7875423652    1.3691778830   -1.6041092304
  -3.5869268989    0.6494088160   -1.6041092304
  -4.0244445544   -0.3332719275   -1.6041092304
  -4.0244445544   -1.4089499195   -1.6041092304
  -3.5869268989   -2.3916306630   -1.6041092304
  -2.7875423652   -3.1113997301   -1.6041092304
  -1.7645118015   -3.4438025101   -1.6041092304
  -1.4941110197    1.1087880638   -2.5124946071
  -2.4840605134    0.8435318964   -2.5124946071
  -3.2087538396    0.1188385701   -2.5124946071
  -3.4740100070   -0.8711109235   -2.5124946071
  -3.2087538396   -1.8610604172   -2.5124946071
  -2.4840605134   -2.5857537435   -2.5124946071
  -1.4941110197   -2.8510099108   -2.5124946071
  -2.0298678250    0.0568470838   -3.1194583108
  -2.5656246303   -0.8711109235   -3.1194583108
  -2.0298678250   -1.7990689308   -3.1194583108
  -1.4941110197   -0.8711109235   -3.3325956198
   3.9163770332   -0.2636102294    0.9674043802
   1.8155160990    3.7349427775   -0.0116510868
   0.7344000087    3.6347626186   -0.0116510868
   4.2978339547   -0.2741382135   -0.0116510868
   4.4973395708    0.7931225673   -1.0535401528
   4.2978339547    1.8603833480   -1.0535401528
   2.8598160775    3.4378138159   -1.0535401528
   3.9163770332    1.8498553639   -2.0325956198
   3.2813686224    2.7238694599   -2.0325956198
   3.1651583543    1.8356742235   -2.8307289492
   2.0559465267    1.6817169654   -3.3516734822
   1.0298860968   -0.0954718309   -3.3516734822
   1.5429163117    0.7931225673   -3.5325956198
   0.4906572445    3.7814988191   -0.6281204286
   1.5319782184    3.7814988191   -1.6962209116
   0.4906572445    3.7814988191   -1.6962209116
  -0.4475405344    3.3296865813   -1.6962209116
  -1.0967935421    2.5155490606   -1.6962209116
   1.7908006166    3.2071656130   -2.6585461946
   0.7442788011    3.3576327343   -2.6585461946
  -0.2174600407    2.9184213218   -2.6585461946
  -0.7890706221    2.0289778958   -2.6585461946
   1.5319782184    2.4021465945   -3.3244959531
   0.4906572445    2.4021465945   -3.3244959531
  -0.0300032424    1.5003361776   -3.3244959531
   1.0113177315    1.5003361776   -3.5621706701
   2.6457812790   -2.1404288245   -0.6426323586
   3.5839790579   -1.6886165868   -0.6426323586
   4.2332320656   -0.8744790660   -0.6426323586
   4.4649477813    0.1407338170   -1.7107328416
   2.6457812790   -2.1404288245   -1.7107328416
   3.5839790579   -1.6886165868   -1.7107328416
   4.2332320656   -0.8744790660   -1.7107328416
   4.0015163499    0.1407338170   -2.6730581246
   3.7036451841    1.1551898453   -2.6730581246
   2.9046036771   -1.5660956185   -2.6730581246
   3.7036451841   -0.8737222114   -2.6730581246
   3.1664417659    0.1407338170   -3.3390078831
   2.6457812790    1.0425442338   -3.3390078831
   1.6044603051   -0.7610765999   -3.3390078831
   2.6457812790   -0.7610765999   -3.3390078831
   2.1251207920    0.1407338170   -3.5766826001
   3.2783055460    1.3522078675    2.2471818534
   2.7576450590    2.2540182844    2.2471818534
   4.1133801300    1.3522078675    1.5812320949
   3.8155089642    2.3666638958    1.5812320949
   3.0164674572    3.0590373030    1.5812320949
   3.8155089642    0.3377518392    1.5812320949
   4.5768115613    1.3522078675    0.6189068120
   4.3450958456    2.3674207505    0.6189068120
   3.6958428380    3.1815582712    0.6189068120
   2.7576450590    3.6333705090    0.6189068120
   1.7163240851    3.6333705090    0.6189068120
   4.3450958456    0.3369949845    0.6189068120
   4.5768115613    1.3522078675   -0.4491936710
   4.3450958456    2.3674207505   -0.4491936710
   3.6958428380    3.1815582712   -0.4491936710
   2.7576450590    3.6333705090   -0.4491936710
