    0.0031241802
    0.0070820933
    0.0248729229
   -0.0112852655
    0.0131430227
    0.0203769194
   -0.0003761115
    0.0320176466
    0.0168453346
    0.0240478272
    0.0270675143
    0.0022921896
    0.0145361810
    0.0211309470
    0.0203305538
    0.0196350833
    0.0022888412
    0.0146148863
    0.0126735769
    0.0138976737
    0.0169363525
    0.0134665293
    0.0171445182
    0.0183220300
    0.0194165885
    0.0191717570
    0.0200233231
    0.0198290597
    0.0194777230
    0.0259755678
    0.0221608892
    0.0013063185
   -0.0000408495
    0.0048079691
   -0.0025889088
    0.0022127076
    0.0079957852
    0.0018076091
    0.0008614835
   -0.0053850614
   -0.0177132087
    0.0075943584
    0.0056973513
    0.0034483681
   -0.0053441573
   -0.0286208882
    0.0094163666
   -0.0001026706
    0.0071105509
    0.0027443893
    0.0001443981
    0.0026473336
    0.0053722299
   -0.0057503262
   -0.0060184788
   -0.0021954857
    0.0064541430
   -0.0181043235
   -0.0288141677
    0.0057894834
    0.0109258080
    0.0088531562
    0.0023532011
    0.0059263206
    0.0147806843
    0.0128152531
    0.0080242605
    0.0020626258
    0.0141130630
    0.0133451753
    0.0058578018
   -0.0391135494
   -0.0289555841
   -0.0482479889
   -0.0484185887
   -0.0432369569
   -0.0315601900
   -0.0394032184
   -0.0484248340
   -0.0508457446
   -0.0498185974
   -0.0432446642
   -0.0253077171
   -0.0292704516
   -0.0431203469
   -0.0498322794
   -0.0508547023
   -0.0405001066
   -0.0313704783
   -0.0432686900
   -0.0395132681
   -0.0252935348
    0.0153687805
    0.0077171382
    0.0081463777
    0.0106408133
    0.0078475357
    0.0096477494
    0.0080896176
    0.0100675006
    0.0114126400
    0.0101632952
    0.0138787040
    0.0088708709
    0.0106877709
    0.0114774983
    0.0126165480
    0.0104960179
    0.0117877106
    0.0243459640
    0.0168669942
    0.0136593018
    0.0097031605
    0.0230688954
    0.0181313815
    0.0144315653
    0.0096991328
    0.0191008386
    0.0187801435
    0.0136131120
    0.0180731085
    0.0167191483
    0.0161883180
    0.0184257527
    0.0146102849
    0.0151295861
    0.0129488613
    0.0096048264
    0.0137261338
    0.0110527214
    0.0115314763
    0.0093276108
    0.0025808744
    0.0047002644
    0.0189192465
   -0.0027229895
    0.0133056659
   -0.0042260571
    0.0133949912
   -0.0015209188
    0.0056151579
    0.0168216639
    0.0229236808
   -0.0019430454
    0.0094649404
    0.0157251483
    0.0203107496
    0.0215705918
   -0.0107890425
    0.0041659381
    0.0122217948
    0.0171477493
    0.0158165409
    0.0150366257
   -0.0019387640
    0.0045331683
    0.0120736512
    0.0093689602
    0.0113381729
    0.0139131556
    0.0127729150
    0.0117223703
    0.0138873138
    0.0154485628
    0.0158244206
    0.0112439838
    0.0141579383
    0.0158000120
    0.0160396982
    0.0161858351
    0.0192610379
    0.0183851700
    0.0174276827
    0.0247917903
    0.0210459026
    0.0014946358
    0.0000956864
    0.0041096575
   -0.0022387389
    0.0098828635
    0.0002111150
    0.0037445649
   -0.0003258171
   -0.0035472754
    0.0035646406
    0.0027215361
    0.0007663517
   -0.0042110129
   -0.0144141516
    0.0059904844
    0.0031577180
   -0.0027377593
   -0.0165128078
    0.0020936428
   -0.0106082039
    0.0018221349
   -0.0004300620
    0.0001934879
    0.0021013686
    0.0039470925
   -0.0038923755
   -0.0044898771
   -0.0035866502
    0.0003810569
    0.0058368206
   -0.0102804573
   -0.0146880322
   -0.0171803135
   -0.0125304791
    0.0014704053
    0.0046436024
    0.0084620008
    0.0073019776
    0.0035538324
    0.0006775443
    0.0059987036
    0.0117444915
    0.0104969722
    0.0074569488
    0.0034012807
    0.0111816804
    0.0130209144
    0.0086446780
    0.0044377905
    0.0060818901
   -0.0272925198
   -0.0205719240
   -0.0360902901
   -0.0371443572
   -0.0329896448
   -0.0230953754
   -0.0371513606
   -0.0405662685
   -0.0402446523
   -0.0368745491
   -0.0287257984
   -0.0123365759
   -0.0244753057
   -0.0353402962
   -0.0402005696
   -0.0416880503
   -0.0396874672
   -0.0318047395
   -0.0145206013
   -0.0219071477
   -0.0335243975
   -0.0391111056
   -0.0391893330
   -0.0302963376
   -0.0237762491
   -0.0325307553
   -0.0287538033
   -0.0187733482
    0.0152846723
    0.0065358652
    0.0121148458
    0.0074090011
    0.0094387585
    0.0067736815
    0.0070237223
    0.0077183691
    0.0081514692
    0.0076982781
    0.0073171520
    0.0082231216
    0.0088809486
    0.0079203387
    0.0058943943
    0.0080605761
    0.0084011033
    0.0088349330
    0.0082757685
    0.0107445261
    0.0086366067
    0.0206875333
    0.0144870277
    0.0111327395
    0.0177495932
    0.0141435983
    0.0119145384
    0.0091006260
    0.0181559231
    0.0149216240
    0.0120158788
    0.0091756498
    0.0126203967
    0.0159610973
    0.0147984109
    0.0115640531
    0.0144137376
    0.0141015136
    0.0157654634
    0.0131220139
    0.0131553249
    0.0120317004
    0.0101084306
    0.0133164422
    0.0111147643
    0.0113368052
    0.0104978962
    0.0086045004
    0.0109849506
    0.0090741765
    0.0088366163
    0.0077136367
    0.0035048662
   -0.0022956989
    0.0105640012
    0.0186074702
    0.0035389963
    0.0094139438
   -0.0017892981
    0.0034819260
    0.0153183255
    0.0206534743
    0.0004122670
    0.0089199480
    0.0140413694
    0.0180773345
   -0.0060824600
    0.0047088558
    0.0108929070
    0.0150201114
    0.0134407229
    0.0124989334
    0.0024823892
    0.0097540644
    0.0071737272
    0.0096150671
    0.0121131774
    0.0096960778
    0.0118086798
    0.0136578681
    0.0143338852
    0.0093912996
    0.0122800166
    0.0136199602
    0.0138702515
    0.0145110631
    0.0163430078
    0.0159821476
    0.0153465405
    0.0213348022
    0.0189448183
    0.0018399261
    0.0005225917
    0.0038711130
   -0.0015268261
    0.0075199870
    0.0090548653
    0.0004258987
   -0.0022523922
   -0.0056437587
    0.0021280257
   -0.0189459356
    0.0001002589
   -0.0022804120
   -0.0066762145
    0.0025644441
    0.0008054507
   -0.0026878159
   -0.0094356225
   -0.0224181971
    0.0059677990
    0.0030611510
   -0.0012124041
   -0.0098367535
    0.0009472109
   -0.0120185729
    0.0014437584
   -0.0005765577
   -0.0006397016
    0.0010919147
    0.0034893811
   -0.0048700510
   -0.0053894873
   -0.0037325734
    0.0008847038
    0.0061697873
   -0.0128542477
   -0.0170331077
   -0.0177333818
   -0.0102108860
    0.0040385321
    0.0074136860
    0.0061439949
    0.0028914098
    0.0056399259
    0.0105957121
    0.0093376579
    0.0068877534
    0.0037676749
    0.0106485797
    0.0083264361
    0.0048137353
    0.0067518870
   -0.0155888900
   -0.0299809930
   -0.0291682948
   -0.0244444672
   -0.0146131420
   -0.0269967611
   -0.0323021774
   -0.0336053562
   -0.0323442954
   -0.0282232568
   -0.0197874091
   -0.0259350669
   -0.0317442276
   -0.0341328946
   -0.0339278604
   -0.0304290712
   -0.0219195235
   -0.0129187438
   -0.0243594954
   -0.0304750731
   -0.0325094374
   -0.0297188756
   -0.0197797208
   -0.0187078209
   -0.0260338812
   -0.0224475552
   -0.0142728047
    0.0059733089
    0.0119973165
    0.0093870054
    0.0074911869
    0.0067266946
    0.0070827606
    0.0121103527
    0.0085449221
    0.0059190419
    0.0065648568
    0.0065835297
    0.0060747982
    0.0069396305
    0.0071718438
    0.0064132711
    0.0039389691
    0.0071929550
    0.0070251346
    0.0061719998
    0.0092539654
    0.0074028136
    0.0179191918
    0.0131477362
    0.0101490617
    0.0203502906
    0.0152792009
    0.0123983627
    0.0104607259
    0.0084324184
    0.0153230409
    0.0127370914
    0.0104407821
    0.0082610628
    0.0139805862
    0.0128135957
    0.0101295583
    0.0127047256
    0.0123183635
    0.0144846434
    0.0115308109
    0.0113369828
    0.0105723026
    0.0092669030
    0.0121455819
    0.0099777411
    0.0098791041
    0.0092560026
    0.0079947510
    0.0104099451
    0.0080470367
    0.0072620582
    0.0028449285
    0.0013987783
    0.0101893452
   -0.0058243322
    0.0049739475
    0.0122767447
    0.0171840623
   -0.0068201687
    0.0068850821
   -0.0017728264
   -0.0092195537
   -0.0033052238
    0.0022283705
    0.0093017381
    0.0136838116
    0.0173797479
    0.0018212030
    0.0079290762
    0.0119770990
    0.0153368627
   -0.0051417945
    0.0034068598
    0.0087374372
    0.0123588136
    0.0108690364
    0.0098443450
    0.0017483292
    0.0077548757
    0.0056051163
    0.0104597195
    0.0081460726
    0.0099883050
    0.0119055151
    0.0124431430
    0.0071508503
    0.0098328464
    0.0113169659
    0.0118181309
    0.0128666255
    0.0115334880
    0.0127923783
    0.0131547409
    0.0130421541
    0.0161367035
    0.0154476201
    0.0147211710
    0.0020021496
    0.0008280590
    0.0036252300
   -0.0009477576
    0.0060911041
    0.0075300881
   -0.0010197771
   -0.0033739498
    0.0027014332
    0.0004764001
   -0.0105689962
    0.0056672313
    0.0032264515
    0.0005275891
   -0.0018318834
   -0.0058324996
   -0.0124590586
    0.0034087396
    0.0014392343
   -0.0015460667
   -0.0067864225
   -0.0166651285
    0.0026565716
   -0.0019339097
   -0.0102765785
    0.0004049254
    0.0012582839
   -0.0002955431
   -0.0006739165
    0.0007107959
    0.0028913072
   -0.0037047974
   -0.0040238834
   -0.0026176157
    0.0008638774
    0.0048154443
   -0.0075936139
   -0.0101600472
   -0.0114648121
   -0.0095977778
   -0.0033024430
    0.0053364354
   -0.0218157612
    0.0036332871
    0.0062442934
    0.0051316011
    0.0026293537
    0.0050326314
    0.0088016312
    0.0077789986
    0.0058465045
    0.0033764694
    0.0088386912
    0.0120025602
    0.0102517107
    0.0077055497
    0.0050994285
    0.0024885429
    0.0050408785
   -0.0232904187
   -0.0215395954
   -0.0166834483
   -0.0080016443
   -0.0248708584
   -0.0271006963
   -0.0269840365
   -0.0248386262
   -0.0202580935
   -0.0123198613
   -0.0210748570
   -0.0260555081
   -0.0282913240
   -0.0287200804
   -0.0274900491
   -0.0242072976
   -0.0181261482
   -0.0078331876
   -0.0180589472
   -0.0242159358
   -0.0274454676
   -0.0284866803
   -0.0272832278
   -0.0231121387
   -0.0149410533
   -0.0071099563
   -0.0167870095
   -0.0227885166
   -0.0256717827
   -0.0254707120
   -0.0213937579
   -0.0124260165
   -0.0146543417
   -0.0203019450
   -0.0172506632
   -0.0111287913
    0.0115999319
    0.0063830210
    0.0053313707
    0.0103982200
    0.0086008163
    0.0078377314
    0.0065076139
    0.0070079302
    0.0062516661
    0.0067198796
    0.0067734043
    0.0097768095
    0.0076282915
    0.0054559615
    0.0060104225
    0.0057686280
    0.0049055934
    0.0023857593
    0.0062162172
    0.0060267269
    0.0050165085
    0.0026723379
    0.0063248601
    0.0057607218
    0.0049460906
    0.0064493907
    0.0179479137
    0.0137165404
    0.0112220908
    0.0093576470
    0.0162313434
    0.0130506567
    0.0110167754
    0.0093740357
    0.0078493065
    0.0130534353
    0.0111034923
    0.0092139738
    0.0076911980
    0.0115509642
    0.0109436443
    0.0089729501
    0.0115462697
    0.0112234178
    0.0106589198
    0.0102804303
    0.0097068583
    0.0115902016
    0.0096614343
    0.0094001680
    0.0089040963
    0.0080174184
    0.0068576142
    0.0102780261
    0.0086387561
    0.0082519243
    0.0077245714
    0.0069176063
