    0.0144117851
    0.0081708215
   -0.0053662916
   -0.0059414113
    0.0169312650
    0.0201792453
    0.0114834244
    0.0200575362
    0.0134819651
    0.0028739504
    0.0233072630
    0.0175166803
    0.0102824071
    0.0011755844
    0.0303573019
    0.0217673499
    0.0161904562
    0.0258540155
    0.0200013320
    0.0154263785
    0.0148010221
    0.0180914101
    0.0217321306
    0.0274751281
    0.0221795071
    0.0139550539
    0.0165281656
    0.0185889213
    0.0209268092
    0.0202843593
    0.0162852557
    0.0189428249
   -0.0002647448
    0.0060019688
   -0.0083989855
   -0.0031102590
   -0.0011278331
    0.0020070170
    0.0030358733
    0.0067305527
    0.0045454208
   -0.0118474386
   -0.0040526427
    0.0005228425
    0.0030168305
    0.0080725031
   -0.0348486512
   -0.0121021406
   -0.0031349344
   -0.0129006163
   -0.0234598447
   -0.0062056339
   -0.0022168521
   -0.0059134983
    0.0010299810
    0.0020318503
    0.0029723522
    0.0061961409
    0.0048756175
    0.0074840034
    0.0013346312
    0.0042846192
    0.0057076549
    0.0090949089
    0.0117517286
    0.0005881356
    0.0087757841
    0.0125939016
    0.0167540057
    0.0029863751
    0.0095558258
    0.0141963627
    0.0038380175
    0.0104244041
   -0.0387111468
   -0.0371440361
   -0.0224974045
   -0.0255228873
   -0.0408739004
   -0.0479780305
   -0.0469060073
   -0.0172853657
   -0.0399920691
   -0.0506794077
   -0.0513452381
   -0.0504142752
   -0.0478137263
   -0.0295668337
   -0.0453805331
   -0.0481483613
   -0.0467865007
   -0.0455073850
   -0.0328519774
   -0.0369046167
   -0.0346922973
   -0.0156453959
   -0.0122986502
    0.0076881235
    0.0077110887
    0.0080719746
    0.0090501060
    0.0116432738
    0.0107055769
    0.0110720526
    0.0112176633
    0.0106941847
    0.0103665474
    0.0080096860
    0.0080309021
    0.0085899084
    0.0090239432
    0.0105168423
    0.0168918598
    0.0109851961
    0.0095684393
    0.0131187249
    0.0165660404
    0.0236336993
    0.0110492332
    0.0155695126
    0.0195223392
    0.0269891478
    0.0126769442
    0.0181295907
    0.0247518347
    0.0176927517
    0.0079594785
    0.0079801941
    0.0125519227
    0.0126600439
    0.0105160549
    0.0165329768
    0.0157729781
    0.0130532278
    0.0100617133
    0.0169567725
    0.0146278434
    0.0157299961
    0.0016771229
    0.0109946299
   -0.0015277072
   -0.0002124446
   -0.0052720940
    0.0005158772
    0.0138526391
    0.0170583932
    0.0113882912
    0.0037887300
   -0.0116030847
    0.0186525403
    0.0138677394
    0.0084597085
    0.0001536430
    0.0222852316
    0.0169762341
    0.0122398842
    0.0066326681
    0.0206699027
    0.0159607278
    0.0145769107
    0.0220111838
    0.0162674156
    0.0126698861
    0.0151273625
    0.0158961787
    0.0172341882
    0.0203843931
    0.0221361155
    0.0198693750
    0.0140529553
    0.0111024060
    0.0105442241
    0.0141507087
    0.0156353261
    0.0170396352
    0.0176382253
    0.0154810352
    0.0135792677
    0.0157574530
   -0.0018321971
    0.0000374748
    0.0015880040
   -0.0001796815
    0.0013818942
    0.0041799429
    0.0044424677
   -0.0054852321
   -0.0103374174
   -0.0035159579
    0.0006004346
    0.0029532070
    0.0060935879
   -0.0226452945
   -0.0091105306
   -0.0026785963
   -0.0219195910
   -0.0087250831
   -0.0045754693
   -0.0171227327
   -0.0061992922
   -0.0018037058
   -0.0009056863
   -0.0038137333
   -0.0021002300
    0.0010496989
    0.0015794667
    0.0034672761
    0.0042750355
    0.0037294954
    0.0070446294
    0.0031661989
    0.0058077524
    0.0077259777
    0.0058251533
    0.0085692170
    0.0111010720
    0.0022392113
    0.0073864994
    0.0104900034
    0.0139040658
    0.0035111510
    0.0081113100
    0.0116062184
    0.0047945681
    0.0097327242
   -0.0308523291
   -0.0289037272
   -0.0189550523
   -0.0213813665
   -0.0321713774
   -0.0379769449
   -0.0369600007
   -0.0166617278
   -0.0316858965
   -0.0398671904
   -0.0414847299
   -0.0406141904
   -0.0370531891
   -0.0179938493
   -0.0330475702
   -0.0396660156
   -0.0406152212
   -0.0397894112
   -0.0380865852
   -0.0245133610
   -0.0335154298
   -0.0353262734
   -0.0343177197
   -0.0308676974
   -0.0205232621
   -0.0253469231
   -0.0230927136
    0.0102839991
    0.0074926402
    0.0077613844
    0.0085417114
    0.0083839176
    0.0087991362
    0.0088889178
    0.0083156647
    0.0064701426
    0.0075004469
    0.0071976195
    0.0074471900
    0.0077795614
    0.0080566536
    0.0084912773
    0.0096128371
    0.0099302558
    0.0094085794
    0.0116533152
    0.0146061062
    0.0097252583
    0.0122025549
    0.0146289660
    0.0181187804
    0.0100126466
    0.0125050329
    0.0154376887
    0.0192275782
    0.0119168208
    0.0142665225
    0.0181622007
    0.0163050111
    0.0090240408
    0.0093245928
    0.0084394488
    0.0126253906
    0.0121868920
    0.0112081531
    0.0094961349
    0.0144184490
    0.0135010556
    0.0119517414
    0.0100539289
    0.0145326343
    0.0130722756
    0.0116648331
    0.0143686083
   -0.0015782090
    0.0060284149
   -0.0048347374
   -0.0110979759
    0.0021723436
   -0.0008821865
    0.0031731209
    0.0163662835
    0.0117929162
    0.0111739150
    0.0055854850
   -0.0035045961
    0.0132093828
    0.0088818321
    0.0030633553
   -0.0064178437
    0.0161451278
    0.0120584639
    0.0075641386
    0.0023844231
    0.0180794176
    0.0135387560
    0.0111623186
    0.0135058058
    0.0143532650
    0.0174032195
    0.0193489642
    0.0187631437
    0.0145985161
    0.0101680693
    0.0089048482
    0.0122162726
    0.0136953269
    0.0149471494
    0.0152880599
    0.0130871356
    0.0114692479
    0.0135354499
    0.0005410421
   -0.0050427972
   -0.0020436931
   -0.0003059763
    0.0010491892
    0.0025265615
    0.0070835849
    0.0056766344
   -0.0014047663
    0.0003957951
    0.0031740319
    0.0033950345
   -0.0067442198
   -0.0114075294
   -0.0044584835
    0.0002408970
    0.0024391963
    0.0049966144
   -0.0184110441
   -0.0078507230
   -0.0026731014
   -0.0173198284
   -0.0079177113
   -0.0139056020
   -0.0057783069
   -0.0022919886
   -0.0011471496
   -0.0053047986
   -0.0022225619
    0.0002879999
    0.0010518889
    0.0034719152
    0.0030351360
    0.0069214583
    0.0026475074
    0.0049542142
    0.0068938531
    0.0048171302
    0.0071589824
    0.0095315694
    0.0020091646
    0.0062638323
    0.0088781984
    0.0119527877
    0.0033553387
    0.0072446428
    0.0106169186
    0.0093671877
   -0.0249706677
   -0.0227195452
   -0.0142782986
   -0.0166671613
   -0.0259819440
   -0.0312169555
   -0.0302033543
   -0.0198301498
   -0.0292228837
   -0.0335506460
   -0.0342102538
   -0.0329859598
   -0.0289232114
   -0.0205458663
   -0.0293434813
   -0.0329240699
   -0.0333705375
   -0.0324824389
   -0.0301331707
   -0.0231905816
   -0.0280006733
   -0.0288183404
   -0.0275249992
   -0.0231532691
   -0.0183421272
   -0.0201869441
   -0.0168589349
    0.0066197776
    0.0069135685
    0.0075264785
    0.0102188879
    0.0130589300
    0.0064429159
    0.0066364099
    0.0071718183
    0.0072093363
    0.0062576026
    0.0036292510
    0.0052076273
    0.0061242606
    0.0065086390
    0.0067800794
    0.0069992539
    0.0072973517
    0.0077848187
    0.0078547686
    0.0079984403
    0.0095133296
    0.0113312118
    0.0084819090
    0.0100286789
    0.0118354520
    0.0140619780
    0.0104993132
    0.0125540368
    0.0151068381
    0.0128617514
    0.0164243304
    0.0153008704
    0.0079130055
    0.0081813178
    0.0077300574
    0.0110355265
    0.0104766080
    0.0098393405
    0.0088005780
    0.0126386128
    0.0117146508
    0.0107166939
    0.0095799689
    0.0129670705
    0.0116544829
    0.0110506479
    0.0134486424
   -0.0032112914
    0.0028791274
   -0.0062418200
   -0.0020741608
   -0.0106207747
   -0.0027923295
    0.0084846854
    0.0032609628
    0.0012476637
    0.0042552176
    0.0138751450
    0.0102466376
    0.0083208411
    0.0028558474
    0.0117022618
    0.0078273541
    0.0030084936
   -0.0045121292
    0.0137462092
    0.0101549343
    0.0062986988
    0.0011638625
    0.0144784382
    0.0109330558
    0.0073094313
    0.0160959723
    0.0122568446
    0.0101463927
    0.0119208647
    0.0127835687
    0.0134405520
    0.0149822805
    0.0159171208
    0.0148787172
    0.0117145335
    0.0088552144
    0.0080934163
    0.0084635738
    0.0108952855
    0.0121554774
    0.0131204065
    0.0131345677
    0.0113307483
    0.0101884958
    0.0118446042
    0.0003161408
    0.0023221494
    0.0042450494
   -0.0209442055
   -0.0097915395
   -0.0047647280
   -0.0018831558
   -0.0026113051
   -0.0006435777
    0.0007390020
    0.0019147237
    0.0031618317
    0.0071124388
    0.0058662870
   -0.0021285847
   -0.0003317993
    0.0020734239
    0.0017487478
   -0.0063578763
   -0.0100116971
   -0.0045949825
    0.0000912020
    0.0021776215
    0.0043986150
   -0.0158028029
   -0.0073284079
   -0.0026853879
   -0.0188297425
   -0.0092427560
   -0.0150518245
   -0.0073483620
   -0.0038152399
   -0.0077105447
   -0.0033278478
   -0.0011542432
   -0.0001790796
   -0.0022360733
   -0.0012143206
    0.0004866472
    0.0013803722
    0.0037012270
    0.0030424233
    0.0017976465
    0.0038054385
    0.0033980078
    0.0053403502
    0.0072700569
    0.0011463929
    0.0047813786
    0.0067947089
    0.0090096283
    0.0025828156
    0.0057989782
    0.0080712638
    0.0108713985
    0.0035710290
    0.0068268367
    0.0097331633
   -0.0205503394
   -0.0186293408
   -0.0124491130
   -0.0143504475
   -0.0213525550
   -0.0255655636
   -0.0246598801
   -0.0133211505
   -0.0208641224
   -0.0259589963
   -0.0281805433
   -0.0283188993
   -0.0268376273
   -0.0229140962
   -0.0138848832
   -0.0218560804
   -0.0265593521
   -0.0284350264
   -0.0285631205
   -0.0276024893
   -0.0252718074
   -0.0172536158
   -0.0230535768
   -0.0257597207
   -0.0264149505
   -0.0258290838
   -0.0240062003
   -0.0111386515
   -0.0181860230
   -0.0211724786
   -0.0214815291
   -0.0196396235
   -0.0132191095
   -0.0135813469
   -0.0096954993
    0.0060977568
    0.0062461902
    0.0061171939
    0.0062313148
    0.0068173954
    0.0078238824
    0.0090270952
    0.0066585819
    0.0071399265
    0.0077055719
    0.0087950846
    0.0099946917
    0.0118435859
    0.0123833522
    0.0049059417
    0.0053167353
    0.0059412691
    0.0058892327
    0.0046574698
    0.0021141977
    0.0035745623
    0.0053864965
    0.0058371538
    0.0061137916
    0.0062669187
    0.0063541077
    0.0061746855
    0.0045313442
    0.0080813812
    0.0093168586
    0.0081148903
    0.0092727842
    0.0106351999
    0.0129781351
    0.0091151282
    0.0104389640
    0.0120594910
    0.0149055230
    0.0099444863
    0.0114491434
    0.0136218897
    0.0119814122
    0.0148720763
    0.0068291238
    0.0086498048
    0.0084403983
    0.0081314022
    0.0075886875
    0.0106620955
    0.0098661806
    0.0093331869
    0.0086499688
    0.0114201536
    0.0105462160
    0.0098129092
    0.0092449884
    0.0118241431
    0.0107450004
