    0.0199856587
   -0.0010312038
   -0.0041064127
   -0.0119431062
    0.0069184101
    0.0042014078
    0.0119652049
    0.0198271948
    0.0193987460
    0.0014013666
    0.0138120792
    0.0266160640
    0.0014068886
    0.0137562034
    0.0208625252
    0.0159859733
    0.0245927917
    0.0041488274
   -0.0150489787
    0.0116758986
    0.0071153275
   -0.0030472769
   -0.0160098698
    0.0121236901
    0.0072341834
    0.0039460311
    0.0100636437
    0.0106707650
    0.0080090231
    0.0082033119
    0.0076940320
    0.0298890985
    0.0209241388
    0.0216342543
    0.0155743001
    0.0146078351
    0.0173788947
    0.0162030642
    0.0167779802
    0.0111447034
    0.0111633985
    0.0123122644
    0.0072567108
    0.0107790911
    0.0100149212
    0.0060012831
    0.0073712763
    0.0103969893
    0.0099147195
    0.0082753965
    0.0077144920
    0.0081034293
    0.0102817515
    0.0099302648
    0.0088075647
    0.0121019314
    0.0171754210
    0.0135741889
    0.0170989507
    0.0178994508
    0.0153813757
    0.0095644848
    0.0134468153
    0.0151357971
    0.0105552985
    0.0086165761
    0.0108727320
   -0.0259335189
   -0.0321036974
   -0.0438993122
   -0.0401759136
   -0.0306702596
   -0.0440098353
   -0.0505262215
   -0.0515315789
   -0.0411916848
   -0.0202654602
   -0.0410811952
   -0.0493420311
   -0.0516134925
   -0.0505205696
   -0.0438855765
   -0.0259213734
   -0.0353808204
   -0.0488157158
   -0.0493459661
   -0.0440327090
   -0.0321015564
   -0.0344385968
   -0.0410909886
   -0.0301546382
   -0.0202704040
    0.0102325718
    0.0195573379
    0.0082613203
    0.0076553586
    0.0106707476
    0.0104808855
    0.0131478674
    0.0145285130
    0.0095458793
    0.0180527301
    0.0186186032
    0.0141368729
    0.0098608741
    0.0241376906
    0.0187578860
    0.0123211371
    0.0181554449
    0.0099974649
    0.0087137790
    0.0101016237
    0.0104469854
    0.0110693828
    0.0079735779
    0.0093999425
    0.0101971987
    0.0073852683
    0.0074731029
    0.0075177976
    0.0082083828
    0.0060301102
    0.0108889263
    0.0116854130
    0.0098410967
    0.0149149370
    0.0155483428
    0.0135977973
    0.0102918219
    0.0143810560
    0.0185998252
    0.0166865097
    0.0150599417
    0.0199687856
    0.0049896016
    0.0129925431
   -0.0021018848
   -0.0049513495
   -0.0031928177
    0.0123408236
    0.0051283769
    0.0087730075
    0.0153758094
    0.0147570770
   -0.0026335505
    0.0037857848
    0.0114566368
    0.0210633715
   -0.0115362247
    0.0034087523
    0.0116240315
    0.0168664247
   -0.0026326062
    0.0087772939
    0.0153805260
    0.0210693806
    0.0157182117
    0.0053869310
   -0.0085215448
    0.0080478112
    0.0030578912
   -0.0070133414
    0.0106656610
    0.0069730967
    0.0012422164
   -0.0070028722
   -0.0087939022
    0.0104785125
    0.0070186687
    0.0030635824
    0.0054970398
    0.0080503595
    0.0123042288
    0.0115212255
    0.0079239507
    0.0070463599
    0.0072874035
    0.0076435401
    0.0068759394
    0.0197581600
    0.0195278882
    0.0149554130
    0.0164599855
    0.0152673639
    0.0152933315
    0.0116085437
    0.0112369694
    0.0111514676
    0.0120240252
    0.0122306069
    0.0091672575
    0.0087300667
    0.0093228886
    0.0106362794
   -0.0018185059
    0.0028387584
    0.0069463748
    0.0080865508
    0.0078501184
    0.0052838846
    0.0039881364
    0.0062624274
    0.0080713943
    0.0079075490
    0.0068810963
    0.0064437955
    0.0067242678
    0.0079411036
    0.0076442258
    0.0071241750
    0.0112453564
    0.0139702583
    0.0169312739
    0.0115611090
    0.0137745410
    0.0144151003
    0.0128891121
    0.0088720406
    0.0108829560
    0.0121132101
    0.0101971497
    0.0072614839
    0.0081343150
    0.0090930492
   -0.0193818267
   -0.0244458884
   -0.0331236618
   -0.0293638823
   -0.0230094413
   -0.0343189589
   -0.0397409075
   -0.0397876868
   -0.0309244285
   -0.0072764770
   -0.0265815378
   -0.0363935208
   -0.0409403207
   -0.0423317490
   -0.0402902024
   -0.0323840463
   -0.0151892615
   -0.0280621838
   -0.0380325122
   -0.0413449310
   -0.0409629973
   -0.0374980239
   -0.0292349319
   -0.0127968919
   -0.0241526081
   -0.0366730464
   -0.0381934442
   -0.0338431037
   -0.0235669733
   -0.0234024498
   -0.0300238891
   -0.0219944025
   -0.0137284912
    0.0090214645
    0.0075520128
    0.0145330331
    0.0075412778
    0.0069569387
    0.0069016096
    0.0068282077
    0.0126141502
    0.0111617745
    0.0120317240
    0.0090448145
    0.0153934867
    0.0147133177
    0.0122348155
    0.0092754333
    0.0187893977
    0.0153588870
    0.0116085335
    0.0091670990
    0.0197644065
    0.0149548991
    0.0112338943
    0.0080877421
    0.0078532494
    0.0079231025
    0.0080478882
    0.0069463339
    0.0097412211
    0.0077073620
    0.0080100667
    0.0062698601
    0.0028356233
    0.0068809312
    0.0071271183
    0.0067269113
    0.0039896249
   -0.0018183033
    0.0064405764
    0.0052571171
    0.0089103202
    0.0079247938
    0.0112453325
    0.0115574972
    0.0108769149
    0.0090863795
    0.0072573579
    0.0139700917
    0.0137254135
    0.0124965136
    0.0105043339
    0.0169222171
    0.0147401896
    0.0133943747
    0.0029339564
    0.0090299445
   -0.0023110514
    0.0029368454
   -0.0025255721
    0.0095384322
    0.0066660524
    0.0130761857
    0.0122562760
    0.0018488201
    0.0092484668
    0.0186892211
   -0.0067426020
    0.0040978215
    0.0104635983
    0.0148577566
   -0.0001886143
    0.0083767088
    0.0139343675
    0.0142577568
   -0.0033375760
    0.0035414858
   -0.0037749800
   -0.0177966710
    0.0102529020
    0.0065479817
    0.0020317985
   -0.0047549904
   -0.0111805777
    0.0092573374
    0.0054561113
    0.0015970444
    0.0067841312
    0.0123081744
    0.0096565501
    0.0081217823
    0.0069188574
    0.0071346122
    0.0076697130
    0.0073727962
    0.0064620844
    0.0068324809
    0.0068175342
    0.0063860360
    0.0064107329
    0.0174596205
    0.0134228052
    0.0138194563
    0.0132955499
    0.0133756344
    0.0105540873
    0.0097526860
    0.0099173503
    0.0105349620
    0.0107369188
    0.0079982194
    0.0084446495
   -0.0042416230
    0.0019866655
    0.0057163358
    0.0070034257
    0.0018927200
    0.0024604547
    0.0049970051
    0.0065297891
    0.0067178913
    0.0056239827
    0.0051021380
    0.0062470617
    0.0065375831
    0.0060999554
    0.0102274091
    0.0122750127
    0.0148978834
    0.0101079823
    0.0117815360
    0.0125591525
    0.0118049576
    0.0101027824
    0.0082243174
    0.0093998542
    0.0103821669
    0.0088609121
    0.0073203733
    0.0079604979
   -0.0148411026
   -0.0193369533
   -0.0265902558
   -0.0230114300
   -0.0139646319
   -0.0252205049
   -0.0311164607
   -0.0330664821
   -0.0302611176
   -0.0203820860
   -0.0169835999
   -0.0272176347
   -0.0325268179
   -0.0347612778
   -0.0344934350
   -0.0309565894
   -0.0224421398
   -0.0173448694
   -0.0281600123
   -0.0330639031
   -0.0343062582
   -0.0329693663
   -0.0287462080
   -0.0202052897
   -0.0263057685
   -0.0309721143
   -0.0301162831
   -0.0251129238
   -0.0148317754
   -0.0235666000
   -0.0169093661
   -0.0092891456
    0.0081305112
    0.0070165833
    0.0113831984
    0.0071707251
    0.0065193022
    0.0076490133
    0.0067846884
    0.0063963129
    0.0096565293
    0.0064082205
    0.0070272255
    0.0059911233
    0.0097778202
    0.0104577163
    0.0081021354
    0.0135148692
    0.0127942758
    0.0107431505
    0.0085749190
    0.0160133541
    0.0131785201
    0.0105540740
    0.0171779804
    0.0131583102
    0.0068310681
    0.0067629597
    0.0062425540
    0.0048064494
    0.0080930665
    0.0065564836
    0.0064775785
    0.0051288043
    0.0016885628
    0.0061807724
    0.0055804280
    0.0034166946
   -0.0020252216
    0.0046551658
    0.0081304640
    0.0073834338
    0.0102273885
    0.0101280364
    0.0095580717
    0.0083283242
    0.0069096792
    0.0124671946
    0.0119313283
    0.0109785971
    0.0095331654
    0.0087300908
    0.0128857092
    0.0118086448
    0.0017478859
    0.0065274237
   -0.0022437994
   -0.0097449221
   -0.0038915129
   -0.0073326156
   -0.0061865962
    0.0044279009
    0.0014441705
    0.0051658469
    0.0105516336
    0.0095855797
    0.0012122171
    0.0073265330
    0.0151681162
   -0.0057246820
    0.0028871790
    0.0083615764
    0.0121534065
    0.0013023238
    0.0075352077
    0.0119309845
    0.0157594700
    0.0087963575
   -0.0026213078
    0.0043793994
   -0.0002985738
   -0.0077560847
    0.0090520222
    0.0056454824
    0.0017633642
   -0.0032762303
   -0.0071405409
    0.0080185865
    0.0045920219
    0.0015916894
    0.0105926453
    0.0075235127
    0.0088612605
    0.0066983957
    0.0081710257
    0.0061374073
    0.0063719321
    0.0070696945
    0.0060367995
    0.0059181909
    0.0063872776
    0.0061165669
    0.0058947937
    0.0059149415
    0.0165385490
    0.0132119748
    0.0136503612
    0.0126930771
    0.0127366762
    0.0106599112
    0.0109798819
    0.0098718680
    0.0099957109
    0.0103689815
    0.0105710915
    0.0090102505
    0.0080095300
    0.0085344461
    0.0088129859
    0.0015617562
    0.0055410907
   -0.0048475552
   -0.0014018838
    0.0025720131
    0.0049848071
    0.0060365624
    0.0017558304
    0.0020346612
    0.0039537814
    0.0053875751
    0.0058996734
    0.0050239613
    0.0042441490
    0.0051070482
    0.0057090081
    0.0053651380
    0.0097399165
    0.0113235081
    0.0092768604
    0.0106706787
    0.0120752802
    0.0128498870
    0.0120617659
    0.0088910331
    0.0100602985
    0.0105101114
    0.0098283046
    0.0083194615
    0.0075219371
    0.0081707806
    0.0088189304
    0.0076949291
    0.0067532467
    0.0071119216
   -0.0116533424
   -0.0152201493
   -0.0208188258
   -0.0177708038
   -0.0078409955
   -0.0175728017
   -0.0234256688
   -0.0262091316
   -0.0259694065
   -0.0218979994
   -0.0130175293
   -0.0096178317
   -0.0193390641
   -0.0250333315
   -0.0280622801
   -0.0290208746
   -0.0277782323
   -0.0235916620
   -0.0154577140
   -0.0148584977
   -0.0225033538
   -0.0268675255
   -0.0289384957
   -0.0292953348
   -0.0280089631
   -0.0246716515
   -0.0185513459
   -0.0197402606
   -0.0255531226
   -0.0278263188
   -0.0276662831
   -0.0254144018
   -0.0206862348
   -0.0125819916
   -0.0167225063
   -0.0230518436
   -0.0244656026
   -0.0224591731
   -0.0172070630
   -0.0078332719
   -0.0176709597
   -0.0124778032
    0.0072260041
    0.0064625222
    0.0090960764
    0.0067594011
    0.0060510711
    0.0072130055
    0.0062512818
    0.0058923697
    0.0079764229
    0.0066844794
    0.0058841796
    0.0096906254
    0.0054318316
    0.0108362466
    0.0060870047
    0.0086616186
    0.0091909826
    0.0074998803
    0.0111585338
    0.0109038922
    0.0095703968
    0.0079180993
    0.0135135544
    0.0114282741
    0.0096937834
    0.0082414063
    0.0179997489
    0.0141779160
    0.0116036265
    0.0098893151
    0.0119261330
    0.0058746845
    0.0059197577
    0.0050273646
    0.0037450003
    0.0063774365
    0.0058642562
    0.0053942354
    0.0039200833
    0.0008934428
    0.0056742724
    0.0050372918
    0.0033969180
   -0.0003500040
    0.0049156640
    0.0031861728
   -0.0008986814
    0.0088817407
    0.0084372010
    0.0079143180
    0.0070769885
    0.0101647822
    0.0097983160
    0.0092399226
    0.0083098760
    0.0071755740
    0.0120031137
    0.0110124741
    0.0100598925
    0.0089698072
    0.0085556768
    0.0117768675
    0.0109833168
